5.805710620132309E-4
0.0010050986399420651
0.0031178134022429426
0.003089761990589614
0.0058778561419536935
0.002363664064359078
0.003302011496035727
0.0019225899030313692
0.0026872984989454573
0.0014301924697765372
4.16367642919156E-4
1.5176225458939423E-6
4.552867637681827E-6
1.5176225458939423E-6
8.32735285838312E-4
7.588112729469712E-6
1.4722242860753278E-5
0.001249102928757468
1.486855222802205E-5
2.210870488386375E-5
2.9444485721506555E-5
0.001665470571676624
2.6899355815199835E-5
4.42174097677275E-5
4.416672858225983E-5
0.0020818382145957803
1.5999851647291406E-5
5.379871163039967E-5
6.632611465159126E-5
5.888897144301311E-5
0.002498205857514936
8.069806744559953E-5
8.8434819535455E-5
7.36112143037664E-5
0.0020818382145957803
4.5208540714431656E-5
1.0759742326079934E-4
1.1054352441931876E-4
8.833345716451966E-5
0.001665470571676624
3.655963345989393E-5
9.041708142886331E-5
1.3449677907599922E-4
1.326522293031825E-4
7.36112143037664E-5
0.001249102928757468
7.311926691978786E-5
1.3562562214329497E-4
1.6139613489119905E-4
1.1054352441931876E-4
5.888897144301311E-5
8.32735285838312E-4
3.007780724024252E-5
2.7555396809954615E-5
3.0352450917878846E-6
1.119553341985227E-4
1.8083416285772662E-4
0.0012951308438368544
1.3449677907599922E-4
8.8434819535455E-5
4.416672858225983E-5
1.7999187151765357E-4
4.16367642919156E-4
1.8373297717054875E-5
4.767651750589821E-5
1.462385338395757E-4
2.260427035721583E-4
1.0759742326079934E-4
1.8535598765034015E-4
2.9444485721506555E-5
2.554590017668687E-5
3.674659543410975E-5
7.151477625884732E-5
1.8279816729946968E-4
2.7125124428658995E-4
8.069806744559953E-5
4.42174097677275E-5
1.4722242860753278E-5
9.349126064517932E-6
5.109180035337374E-5
5.511989315116462E-5
9.535303501179642E-5
2.1935780075936357E-4
5.82837941269114E-4
5.379871163039967E-5
9.346775242325486E-5
8.999593575882678E-5
1.8698252129035863E-5
7.663770053006061E-5
7.34931908682195E-5
1.1919129376474555E-4
7.225036850258872E-4
1.8279816729946968E-4
1.8083416285772662E-4
2.4083456167529573E-4
2.6899355815199835E-5
3.649019221325156E-5
6.015561448048504E-5
2.804737819355379E-5
1.0218360070674748E-4
6.417530016559087E-4
1.4302955251769463E-4
1.462385338395757E-4
4.655575299856756E-4
6.716325591069579E-5
7.298038442650312E-5
7.72269227881537E-5
0.0014655778839879003
1.2772950088343438E-4
1.1023978630232924E-4
1.1919129376474555E-4
1.0967890037968178E-4
9.041708142886331E-5
8.805198270413434E-5
1.3432651182139157E-4
0.0012473413499534901
4.674563032258966E-5
1.5327540106012123E-4
0.0019883177774415004
9.535303501179642E-5
7.311926691978786E-5
4.5208540714431656E-5
2.6771687483848213E-4
4.0185039122502924E-4
0.0017522007614576057
1.3935553484143424E-4
3.379629746009355E-4
0.0024680491680236292
1.1934450023027012E-4
8.544163109808206E-5
5.832806427183355E-5
1.0997730261412685E-4
2.4083456167529573E-4
0.002016961121919262
1.9838312166458151E-4
5.399756145529608E-4
0.0031551956683696938
1.0296923038420494E-4
3.5227247168692584E-5
1.5999851647291406E-5
1.2041728083764786E-4
5.157181689925674E-4
2.0148976773208733E-4
1.4596076885300624E-4
8.806811792173147E-5
0.001074937367140004
1.2772950088343438E-4
7.34931908682195E-5
7.151477625884732E-5
3.655963345989393E-5
7.42051692420985E-4
1.4271809507878223E-4
2.64155948112403E-4
2.6865302364278314E-4
0.001119536414447481
9.599910988374844E-5
4.674563032258966E-5
1.0218360070674748E-4
5.511989315116462E-5
4.767651750589821E-5
1.718833914038953E-4
0.0011092692034894807
8.95083751727026E-5
0.0011599037083937075
3.3581627955347885E-4
2.1894115327950937E-4
3.7396504258071726E-5
7.663770053006061E-5
3.674659543410975E-5
2.3838258752949105E-5
1.5668390156913789E-4
3.437667828077906E-4
0.0016639038052342209
0.002484910523149951
4.402599135206717E-4
4.0297953546417466E-4
1.8245096106625782E-4
2.804737819355379E-5
5.109180035337374E-5
1.8373297717054875E-5
0.007198193976891954
1.2833592259965565E-4
9.911127517377456E-4
5.15650174211686E-4
0.0022185384069789613
4.49979678794134E-4
5.28311896224806E-4
3.3581627955347885E-4
1.4596076885300624E-4
1.1151414171016538E-5
1.8698252129035863E-5
2.554590017668687E-5
3.1009407663319736E-4
2.566718451993113E-4
4.7005170470741355E-4
6.875335656155812E-4
0.0027731730087237018
1.804668434414551E-4
4.402599135206717E-4
2.6865302364278314E-4
1.0947057663975468E-4
3.0352450917878846E-6
9.349126064517932E-6
1.5239346852960857E-4
3.85007767798967E-4
6.267356062765515E-4
8.594169570194768E-4
0.0033278076104684418
1.2871153798025618E-4
3.5220793081653734E-4
2.0148976773208733E-4
7.298038442650312E-5
7.588112729469711E-7
1.5055388949186747E-4
3.0478693705921715E-4
5.133436903986226E-4
7.834195078456892E-4
0.001031300348423372
0.0027731730087237018
2.64155948112403E-4
1.3432651182139157E-4
3.649019221325156E-5
1.6516725891359296E-4
3.0110777898373494E-4
4.571804055888257E-4
6.416796129982784E-4
9.401034094148271E-4
8.594169570194768E-4
0.0022185384069789613
5.2840870753038876E-5
1.7610396540826867E-4
6.716325591069579E-5
3.303345178271859E-4
4.5166166847560247E-4
6.095738741184343E-4
7.70015535597934E-4
7.834195078456892E-4
6.875335656155812E-4
0.0016639038052342209
3.199970329458281E-5
4.411802560559208E-4
0.001174462383938984
0.0019214522151198108
0.0033875792967220705
0.0037183029720773897
0.007860554574954354
0.004133090436445012
0.003648199084318198
0.002598064384819271
0.0015868964390285184
0.0042476553975151305
0.0013709688557626241
2.1200127894201672E-4
3.8518323128845105E-4
6.606690356543718E-4
7.527694474593373E-4
9.143608111776514E-4
5.133436903986226E-4
0.00160062237344922
3.437667828077906E-4
5.546346017447403E-4
0.0012290062773006086
4.2400255788403344E-4
5.777748469326765E-4
8.258362945679651E-4
9.033233369512049E-4
7.619673426480429E-4
3.85007767798967E-4
3.1336780313827577E-4
1.718833914038953E-4
2.7685130035135034E-4
0.0024580125546012173
6.360038368260501E-4
7.703664625769021E-4
9.910035534815582E-4
0.003216930420637736
6.095738741184343E-4
2.566718451993113E-4
6.495160962048177E-4
0.0011923362074322224
5.537026007027007E-4
0.003687018831901827
8.480051157680669E-4
9.629580782211277E-4
0.003607823365583903
8.258362945679651E-4
6.022155579674699E-4
4.571804055888257E-4
0.0012026077885279674
1.2833592259965565E-4
4.3435466185285065E-4
7.06256546703573E-4
8.305539010540513E-4
0.0049160251092024345
0.004504248425080928
0.001155549693865353
6.606690356543718E-4
0.0025182068866981084
3.0478693705921715E-4
5.614980520829504E-4
8.687093237057013E-4
0.0010442989725002818
0.007443512360065892
0.006145031386503045
0.0012720076736521002
9.629580782211277E-4
4.955017767407791E-4
3.0110777898373494E-4
1.5239346852960857E-4
6.097412811025773E-4
0.0011229961041659008
0.0036401295461409924
0.001384256501756752
0.007374037663803654
0.004955115662347485
7.703664625769021E-4
3.303345178271859E-4
1.5055388949186747E-4
6.013038942639837E-4
0.003147534242192682
0.001684494156248851
0.0017374186474114026
0.0016381972411941847
0.007445262842070685
0.006145031386503045
8.480051157680669E-4
5.777748469326765E-4
1.6516725891359296E-4
0.001626378433199841
9.856643892713595E-4
0.0018292238433077323
0.0022459922083318015
0.006975403847063782
0.001860564459799184
0.001384256501756752
0.0049160251092024345
6.360038368260501E-4
3.8518323128845105E-4
7.49302898650588E-4
0.0013313046512798713
0.0013368043432241993
0.006366448197589343
0.0028074902604147524
0.0026061279711171036
0.0016943623714986747
0.0011074052014054014
0.003687018831901827
4.2400255788403344E-4
1.9259161564422553E-4
7.101574980714667E-4
0.001498605797301176
0.001996956976919807
0.008688018208286635
0.003048706405512887
0.003368988312497702
0.002171773309264253
8.305539010540513E-4
0.0024580125546012173
2.1200127894201672E-4
7.164054111464827E-4
0.0014203149961429333
0.0022479086959517635
0.0026626093025597427
0.005961681037161114
0.0036584476866154646
0.0028074902604147524
0.0017374186474114026
6.057718331828776E-4
5.537026007027007E-4
0.001701739090172424
9.40405073801117E-4
0.0014328108222929653
0.0021304724942144007
0.002997211594602352
0.0033282616281996784
0.0021187696401107187
0.003048706405512887
0.0022459922083318015
0.0013030639855585518
0.0031839991760508834
2.7685130035135034E-4
0.002149216233439449
0.0028406299922858667
0.00374651449325294
0.003993913953839614
0.00174049828750047
0.0024389651244103093
0.0057666078732580405
8.687093237057013E-4
1.698071017921494E-4
7.511397115182722E-4
0.0028656216445859307
0.0035507874903573343
0.004495817391903527
0.0033282616281996784
0.0018292238433077323
0.0011229961041659008
4.3435466185285065E-4
7.570236220587105E-4
0.0015022794230365444
0.003582027055732414
0.0042609449884288015
0.007994621532069472
0.0026626093025597427
9.829183447165105E-4
0.0012194825622051546
5.614980520829504E-4
0.001514047244117421
0.0022534191345548165
0.008857448283670712
0.0035507874903573343
0.002997211594602352
0.001996956976919807
6.201881532663947E-4
6.097412811025773E-4
7.762637288380513E-4
0.0022710708661761317
0.003004558846073089
0.003204316505052282
0.003582027055732414
0.0028406299922858667
0.0022479086959517635
0.0013313046512798713
3.3887247429973495E-4
7.425930937761094E-4
0.0015525274576761027
0.005294001309201086
0.0037556985575913607
0.0028656216445859307
0.0021304724942144007
0.001498605797301176
6.656523256399357E-4
6.591169669735349E-4
0.0014851861875522189
0.004267535671989436
0.0037851181102935534
0.004506838269109633
0.002149216233439449
0.0014203149961429333
7.49302898650588E-4
6.220245921253969E-4
0.0023491644675021407
0.0022277792813283283
0.0031050549153522054
0.0045421417323522634
0.0037556985575913607
0.0014328108222929653
7.101574980714667E-4
8.158515900860742E-4
0.0012440491842507938
0.0019773509009206047
0.0029703723751044377
0.0038813186441902583
0.0037851181102935534
0.003004558846073089
0.0014654779257596146
4.3643188687755966E-4
0.0010220421899833302
0.001674356417846748
0.0025507470846781355
0.003496152969415578
0.003901774294900163
0.003362815555298589
0.0010768195560092264
5.654043299711029E-4
0.0011329534104831218
0.0019225899030313692
0.0030393438778612103
0.004248107038816532
0.004588702316470459
0.003761620295204468
0.0014248348773370635
6.007414222153259E-4
0.0015196719389306051
0.0018660737763761903
0.0026364678678941398
0.0037129654688805476
0.00465758237302831
0.003028094488234842
0.0022534191345548165
0.001498145029226264
7.938396097549883E-4
4.429489349909312E-4
0.0012014828444306517
0.00209853522840543
0.0024880983685015875
0.003295584834867675
0.004455558562656657
0.0038813186441902583
0.004518288410015528
0.0030899586425465215
7.604004478072105E-4
0.003124880474094336
6.331364760833852E-4
8.858978699818624E-4
0.0018022242666459777
0.003110122960626984
0.0039547018018412095
0.0037129654688805476
0.006101344973804733
0.0023815188292649644
0.0030348481397318417
0.002013525000954607
0.0012662729521667705
0.0013288468049727938
0.0024029656888613035
0.004588702316470459
0.0037321475527523807
0.007040947407933334
0.0061457308141243915
0.004609992529935787
0.0024428687260473745
7.570236220587105E-4
6.716699924551685E-4
0.0018994094282501557
0.001771795739963725
0.0030037071110766292
0.010136865530485496
0.007079321009401927
0.005678069659122981
0.005678649237075289
0.0015525274576761027
8.243454302921525E-4
7.759466875142133E-4
0.001343339984910337
0.002532545904333541
0.005960107248020316
0.008367486191821883
0.003802002239036053
0.0024880983685015875
0.0019773509009206047
0.003133877048136524
0.0015522104163522648
8.243454302921525E-4
0.0015518933750284267
0.0020150099773655053
0.002996290058452528
0.00713488042919187
0.007220096296788852
0.009206278449765494
0.004339110067252648
0.0028701273089754963
0.0014142630862312778
0.001648690860584305
0.004575057606382036
0.005862038408840627
0.003802002239036053
0.007685145468184912
0.0022147446749546567
0.005700347410029913
0.005273452367426915
0.0025873891691611303
6.591169669735349E-4
5.838132800074257E-4
0.001498145029226264
0.004854555120141423
0.006145388541285694
0.008281372988983068
0.007287409531877691
0.004875582490020578
0.003817234244011483
0.0019214522151198108
0.0012551610682087825
0.0015094729624203424
0.0027488213435364383
0.0022812013434216315
0.00506923815733783
0.003879733437571067
0.008976092536483926
0.003879733437571067
0.0052192258741542135
0.001771795739963725
0.002467755796597423
9.640258399937638E-4
0.0014117327757680802
0.0028494886826580055
0.0028918984195208668
0.008808690724457571
0.010596102804781266
0.008178180661477288
0.005215484338084523
0.0012504454961774717
0.0018412556899530985
