6.595450296266509E-5
9.966307434957487E-5
5.369333944328248E-4
6.456059145256847E-4
7.714357006241881E-4
5.494155637509882E-4
5.003841106365175E-4
6.599880376598588E-5
2.1287855612146973E-4
9.145132794298774E-5
1.0121549454600433E-4
7.793721622852054E-6
2.3381164868556163E-5
7.236501664879606E-6
2.0243098909200865E-4
3.618250832439802E-5
3.7855972668571053E-6
3.0364648363801297E-4
4.102705007741567E-5
7.029884436602252E-6
7.5711945337142106E-6
4.048619781840173E-4
9.96391060287851E-6
1.4059768873204505E-5
1.1356791800571316E-5
5.060774727300218E-4
2.012072863217365E-5
1.992782120575702E-5
2.1089653309806756E-5
1.5142389067428421E-5
6.072929672760259E-4
2.989173180863553E-5
2.811953774640901E-5
1.8927986334285528E-5
5.060774727300218E-4
1.954624004544305E-5
3.985564241151404E-5
3.514942218301126E-5
2.2713583601142633E-5
4.048619781840173E-4
1.66708977685202E-5
3.90924800908861E-5
4.981955301439256E-5
4.217930661961351E-5
1.8927986334285528E-5
3.0364648363801297E-4
3.33417955370404E-5
5.8638720136329146E-5
5.978346361727106E-5
3.514942218301126E-5
1.5142389067428421E-5
2.0243098909200865E-4
1.226698950245006E-5
2.3705665107426068E-5
1.4473003329759212E-5
6.170327573983868E-5
7.81849601817722E-5
5.209517213920169E-4
4.981955301439256E-5
2.811953774640901E-5
1.1356791800571316E-5
5.564153390704019E-5
1.0121549454600433E-4
1.1916741289128067E-5
2.6897805176144305E-5
6.66835910740808E-5
9.773120022721526E-5
3.985564241151404E-5
4.7410054355066734E-5
7.5711945337142106E-6
2.7026425547956145E-5
2.3833482578256134E-5
4.034670776421646E-5
8.335448884260102E-5
1.1727744027265829E-4
2.989173180863553E-5
1.4059768873204505E-5
3.7855972668571053E-6
8.522965947552999E-6
5.405285109591229E-5
3.5750223867384206E-5
5.379561035228861E-5
1.0002538661112121E-4
1.650868513522151E-4
1.992782120575702E-5
2.050101466160222E-5
2.7820766953520096E-5
1.7045931895105998E-5
8.107927664386843E-5
4.766696515651227E-5
6.724451294036078E-5
9.525693321518634E-5
8.335448884260102E-5
7.81849601817722E-5
3.1752311071728784E-5
9.96391060287851E-6
1.3086500606131835E-5
2.453397900490012E-5
2.5568897842658998E-5
1.0810570219182458E-4
1.4368730079909297E-4
8.069341552843292E-5
6.66835910740808E-5
1.0910087674840072E-4
1.542285690560026E-5
2.617300121226367E-5
4.153254860952281E-5
0.006049646737204787
1.3513212773978077E-4
7.150044773476841E-5
6.724451294036078E-5
5.001269330556061E-5
3.90924800908861E-5
1.6340450832622274E-5
3.084571381120052E-5
9.629975278731798E-5
4.2614829737765E-5
1.6215855328773686E-4
1.546507913938445E-4
5.379561035228861E-5
3.33417955370404E-5
1.954624004544305E-5
1.7315103715516308E-5
3.268555644698086E-5
1.0204372521214751E-4
4.5156655504250746E-5
1.7183073825951167E-4
1.6387521035334334E-4
5.700432554102034E-5
3.5330513250504206E-5
2.07121026864787E-5
1.6820718870690526E-5
3.1752311071728784E-5
9.913014234267246E-5
4.3867335075433287E-5
1.6692460172112056E-4
1.591962002917046E-4
5.537673147936374E-5
3.4321752855725405E-5
2.012072863217365E-5
1.5876155535864392E-5
7.302422602850006E-5
4.626857071680077E-5
5.234600242452734E-5
8.580438213931351E-5
1.7216776877508453E-4
1.3513212773978077E-4
4.766696515651227E-5
4.034670776421646E-5
1.66708977685202E-5
3.8333954138954586E-5
2.6942260449999933E-5
4.9021352497866823E-5
6.169142762240103E-5
1.647495725453278E-4
1.2072437179304189E-4
4.2614829737765E-5
1.0810570219182458E-4
3.5750223867384206E-5
2.6897805176144305E-5
1.959571671004667E-5
3.694108047204174E-5
4.2753244155765256E-5
1.2844916246503637E-4
7.711428452800129E-5
7.851900363679102E-5
3.4091863790211995E-5
8.107927664386843E-5
2.3833482578256134E-5
1.3448902588072153E-5
1.9296269548993595E-5
3.919143342009334E-5
5.54116207080626E-5
0.007092594646100574
8.170225416311139E-5
9.253714143360154E-5
6.54325030306592E-5
2.5568897842658998E-5
5.405285109591229E-5
1.1916741289128067E-5
0.011782415951476465
1.532151865602781E-5
7.787701505217274E-5
5.8787150130140014E-5
7.388216094408348E-5
1.391038347676005E-4
9.804270499573365E-5
7.711428452800129E-5
5.234600242452734E-5
3.077028755806175E-5
1.7045931895105998E-5
2.7026425547956145E-5
1.6331813953140697E-5
3.064303731205562E-5
5.788880864698079E-5
7.838286684018668E-5
9.235270118010435E-5
7.360193701470036E-5
8.170225416311139E-5
6.169142762240103E-5
3.925950181839551E-5
1.4473003329759212E-5
8.522965947552999E-6
1.9081408017918235E-5
4.596455596808343E-5
7.718507819597438E-5
9.797858355023337E-5
1.108232414161252E-4
6.922091434920469E-5
6.53618033304891E-5
4.626857071680077E-5
2.617300121226367E-5
3.896860811426027E-6
1.5865503834139944E-5
3.816281603583647E-5
6.128607462411123E-5
9.648134774496801E-5
1.1757430026028003E-4
9.235270118010435E-5
4.9021352497866823E-5
3.084571381120052E-5
1.3086500606131835E-5
1.606862860884469E-5
3.173100766827989E-5
5.724422405375471E-5
7.660759328013903E-5
1.1577761729396158E-4
9.797858355023337E-5
7.388216094408348E-5
5.14826292835881E-5
3.268090166524455E-5
1.542285690560026E-5
3.213725721768938E-5
4.7596511502419836E-5
7.632563207167294E-5
9.192911193616686E-5
9.648134774496801E-5
7.838286684018668E-5
5.54116207080626E-5
4.02414572643473E-5
3.256089649618646E-5
4.26023679323398E-5
5.3883621961905825E-5
1.343666557153026E-4
1.673013275729908E-4
3.4748298300961737E-4
1.4157225419804187E-4
1.887892252622556E-4
1.5220623729576092E-4
1.0749334286811943E-4
1.6609445329575826E-4
1.6208843488710176E-4
1.5757314821662726E-5
3.253312639919106E-5
6.427451443537876E-5
7.932751917069974E-5
1.1448844810750942E-4
6.128607462411123E-5
1.046917021078625E-4
3.919143342009334E-5
1.847054023602087E-5
4.757735462896527E-5
3.151462964332545E-5
4.879968959878659E-5
8.034314304422348E-5
9.519302300483967E-5
9.540704008959121E-5
4.596455596808343E-5
3.859253909798719E-5
1.959571671004667E-5
1.5155520791421958E-5
9.515470925793053E-5
4.727194446498818E-5
6.506625279838213E-5
9.641177165306817E-5
1.7310396804543296E-4
7.632563207167294E-5
3.064303731205562E-5
3.805155932394023E-5
4.8975721924897695E-5
3.0311041582843917E-5
1.4273206388689582E-4
6.30292592866509E-5
8.133281599797767E-5
1.3461795837853985E-4
8.034314304422348E-5
6.346201533655978E-5
5.724422405375471E-5
4.487265279284663E-5
1.532151865602781E-5
1.8219782791693847E-5
3.2440891327128365E-5
4.5466562374265884E-5
1.9030941851586107E-4
1.9676345260668184E-4
9.759937919757317E-5
6.427451443537876E-5
1.1838263860144076E-4
3.816281603583647E-5
2.179571771147915E-5
3.6439565583387695E-5
5.023398423039936E-5
0.01921630905050639
2.3788677314482632E-4
9.454388892997636E-5
8.133281599797767E-5
4.8205885826534083E-5
3.173100766827989E-5
1.9081408017918235E-5
2.2921673241413854E-5
4.35914354229583E-5
1.325388325524048E-4
7.577760395710982E-5
2.8546412777379163E-4
2.0858571440385244E-4
6.506625279838213E-5
3.213725721768938E-5
1.5865503834139944E-5
2.2436326396423313E-5
1.0328385974200672E-4
6.538715313443745E-5
7.287913116677539E-5
8.270454496194569E-5
2.632546645260688E-4
2.3788677314482632E-4
6.30292592866509E-5
4.879968959878659E-5
1.606862860884469E-5
5.2160426595414E-5
3.751057954989327E-5
6.876501972424154E-5
8.71828708459166E-5
2.2580796886323385E-4
9.799088371884417E-5
7.577760395710982E-5
1.9030941851586107E-4
4.727194446498818E-5
3.253312639919106E-5
2.790022730678299E-5
5.043723122892218E-5
5.1710438235125676E-5
1.9702991189663246E-4
1.0897858855739574E-4
1.0931869675016311E-4
9.821118988546388E-5
6.0622083165687834E-5
1.4273206388689582E-4
3.151462964332545E-5
1.626656319959553E-5
2.617256009363427E-5
5.580045461356598E-5
7.565584684338328E-5
0.02069015702297747
1.1460836620706926E-4
1.307743062688749E-4
9.109891395846926E-5
4.5466562374265884E-5
9.515470925793053E-5
1.5757314821662726E-5
2.5583856460383227E-5
5.234512018726854E-5
8.370068192034898E-5
1.0087446245784435E-4
2.4487860962448845E-4
1.3753003944848307E-4
1.0897858855739574E-4
7.287913116677539E-5
4.731551935091045E-5
3.0311041582843917E-5
1.5746046737916288E-4
3.200289952519725E-5
5.1167712920766455E-5
7.851768028090278E-5
1.1160090922713195E-4
1.2609307807230546E-4
9.732267398138508E-5
1.1460836620706926E-4
8.71828708459166E-5
5.4659348375081556E-5
3.1894219925184496E-4
1.5155520791421958E-5
7.675156938114968E-5
1.0469024037453708E-4
1.3950113653391497E-4
1.5131169368676656E-4
8.372330705066563E-5
9.168669296565541E-5
4.835199894462985E-4
3.6439565583387695E-5
2.0171662181627755E-5
3.108914452647012E-5
1.0233542584153291E-4
1.3086280046817136E-4
1.6740136384069796E-4
1.2609307807230546E-4
6.876501972424154E-5
4.35914354229583E-5
1.8219782791693847E-5
3.396407964653374E-5
6.217828905294023E-5
1.2791928230191613E-4
1.5703536056180557E-4
2.669852614355283E-4
1.0087446245784435E-4
4.9622726977167396E-5
4.584334648282771E-5
2.179571771147915E-5
6.792815929306748E-5
9.326743357941034E-5
3.0115749043540597E-4
1.3086280046817136E-4
1.1160090922713195E-4
7.565584684338328E-5
3.2663627906281395E-5
2.2921673241413854E-5
2.476883260497972E-5
1.018922389396012E-4
1.2435657810588047E-4
1.0999800627664316E-4
1.2791928230191613E-4
1.0469024037453708E-4
8.370068192034898E-5
5.043723122892218E-5
1.9642237977092777E-5
2.390641431795116E-5
4.953766520995944E-5
2.1947905210903905E-4
1.554457226323506E-4
1.0233542584153291E-4
7.851768028090278E-5
5.580045461356598E-5
2.521861561446109E-5
2.1371463013737562E-5
4.781282863590232E-5
0.01455184490097171
1.6982039823266865E-4
1.865348671588207E-4
7.675156938114968E-5
5.234512018726854E-5
2.790022730678299E-5
2.0308779178142725E-5
8.467858717328821E-5
7.171924295385348E-5
9.907533041991888E-5
2.037844778792024E-4
1.554457226323506E-4
5.1167712920766455E-5
2.617256009363427E-5
4.670550431826955E-5
4.061755835628545E-5
6.411438904121269E-5
9.562565727180464E-5
1.238441630248986E-4
1.6982039823266865E-4
1.2435657810588047E-4
1.2701786367866878E-4
4.94913176728759E-5
4.3040260987584335E-5
6.79386012684067E-5
1.0132941417907367E-4
1.3123106533715492E-4
1.7994962234216887E-4
1.3177404293739602E-4
1.345940277342893E-4
4.807823956546257E-5
4.181136676145205E-5
6.599880376598588E-5
9.843623444873774E-5
1.2748412490161333E-4
1.7481166130878855E-4
1.28011598100789E-4
1.3075108457494023E-4
2.0369152251172703E-5
4.921811722436887E-5
6.0926337534428175E-5
8.548585205495025E-5
1.195320715897558E-4
1.486129956298783E-4
1.3585631858613497E-4
9.326743357941034E-5
2.0286801443657114E-4
1.0453244643727969E-4
2.400049786741525E-5
4.0738304502345405E-5
0.013775239091695549
8.12351167125709E-5
1.0685731506868781E-4
1.4343848590770697E-4
1.238441630248986E-4
4.0619426059445787E-4
2.712431819274996E-4
1.0674572252552058E-4
0.014078612123634721
2.9185211368711114E-5
4.80009957348305E-5
6.110745675351811E-5
1.0154389589071364E-4
1.2822877808242537E-4
1.195320715897558E-4
5.048113592930611E-4
3.1359733931183914E-4
2.814196043441087E-4
1.0552974031344199E-4
5.837042273742223E-5
7.200149360224575E-5
8.147660900469081E-5
1.7481166130878855E-4
1.2185267506885635E-4
6.140273511601157E-4
5.137554430209234E-4
3.9454366539150087E-4
1.7590820843598742E-4
3.396407964653374E-5
4.840874138621362E-5
8.755563410613334E-5
9.6001991469661E-5
1.0184576125586352E-4
8.006214404608969E-4
6.242061280771123E-4
5.124687421570326E-4
3.7992695144168287E-4
4.953766520995944E-5
7.949379542623171E-5
6.407136309897954E-5
9.681748277242724E-5
1.1674084547484446E-4
6.271725254285042E-4
7.494095921307144E-4
5.337286126276031E-4
8.12351167125709E-5
6.411438904121269E-5
2.0680041948836574E-4
8.884019570395926E-5
7.949379542623171E-5
1.281427261979591E-4
1.4522622415864085E-4
4.057360288731423E-4
6.685882890299542E-4
7.84477322357615E-4
0.05488602734766223
2.994077238131233E-4
1.708856522254342E-4
7.231515570416477E-5
1.5898759085246342E-4
4.965161109517954E-4
6.117647512939732E-4
5.337286126276031E-4
9.826453630910979E-4
1.2000248933707625E-4
3.994517907096177E-4
2.712215034951715E-4
1.3743504112871267E-4
2.1371463013737562E-5
8.183021944855043E-5
2.0286801443657114E-4
5.520787255905343E-4
6.832683424980006E-4
9.3028265956904E-4
5.433950339747141E-4
3.522874438655792E-4
2.0633368091215896E-4
5.3883621961905825E-5
4.949399054685384E-5
2.0817972974380614E-4
3.409738987998896E-4
3.2023716757656175E-4
7.356363010737107E-4
3.2035681549489773E-4
7.674152208746719E-4
3.2035681549489773E-4
3.10375811019699E-4
9.6001991469661E-5
9.910872723976763E-5
2.872025662958951E-5
0.04725598601179444
0.09641703781850598
0.06920079084907058
0.1842192401552613
0.18087875470856749
0.11557669512204864
0.044465735925743044
0.023619861918805097
0.01097720546953244
