9.823135966878316E-4
0.001489361214986625
0.007186735973067561
0.009968632864586746
0.011271042971769804
0.008003316427093805
0.0065823022746708095
9.529191148438144E-4
0.003122864992557837
0.0013364113648695285
0.0013990407771771222
7.582764938639927E-5
2.2748294815919787E-4
7.281207487833124E-5
0.0027980815543542444
3.640603743916563E-4
4.380649294606514E-5
0.004197122331531368
4.249200079438659E-4
8.408029065874852E-5
8.761298589213028E-5
0.005596163108708489
1.2217331937011068E-4
1.6816058131749703E-4
1.314194788381954E-4
0.006995203885885614
2.134187431475611E-4
2.4434663874022135E-4
2.5224087197624553E-4
1.7522597178426056E-4
0.008394244663062735
3.66519958110332E-4
3.3632116263499406E-4
2.190324647303257E-4
0.006995203885885614
2.4412252321559866E-4
4.886932774804427E-4
4.2040145329374265E-4
2.628389576763908E-4
0.005596163108708489
2.0811050785433425E-4
4.882450464311973E-4
6.108665968505534E-4
5.044817439524911E-4
2.190324647303257E-4
0.004197122331531368
4.162210157086685E-4
7.32367569646796E-4
7.33039916220664E-4
4.2040145329374265E-4
1.7522597178426056E-4
0.0027980815543542444
1.1597870185788716E-4
2.6683817507804856E-4
1.456241497566625E-4
7.380729976426018E-4
9.764900928623946E-4
0.0066924708538188115
6.108665968505534E-4
3.3632116263499406E-4
1.314194788381954E-4
4.732474977245832E-4
0.0013990407771771222
1.3680025882663283E-4
3.2121634618416416E-4
8.32442031417337E-4
0.0012206126160779936
4.886932774804427E-4
4.5621034205695294E-4
8.761298589213028E-5
2.8776016511139783E-4
2.7360051765326567E-4
4.818245192762463E-4
0.0010405525392716715
0.001464735139293592
3.66519958110332E-4
1.6816058131749703E-4
4.380649294606514E-5
8.475787422420917E-5
5.755203302227957E-4
4.1040077647989855E-4
6.424326923683283E-4
0.0012486630471260057
0.0016876269791995342
2.4434663874022135E-4
1.774831632830566E-4
2.366237488622916E-4
1.6951574844841833E-4
8.632804953341935E-4
5.472010353065313E-4
8.030408654604107E-4
5.96328807961316E-4
0.0010405525392716715
9.764900928623946E-4
1.9877626932043865E-4
1.2217331937011068E-4
1.1874268787226793E-4
2.3195740371577433E-4
2.542736226726275E-4
0.0011510406604455913
0.0012000072633079825
9.636490385524926E-4
8.32442031417337E-4
0.0010419711511516871
1.2789436703226488E-4
2.3748537574453586E-4
4.146016397943855E-4
0.0076517173657129
0.0014388008255569894
8.208015529597971E-4
8.030408654604107E-4
6.243315235630028E-4
4.882450464311973E-4
1.323600671019562E-4
2.5578873406452977E-4
8.38219396628021E-4
4.2378937112104594E-4
0.001726560990668387
0.001487320182485193
6.424326923683283E-4
4.162210157086685E-4
2.4412252321559866E-4
7.03504919723386E-5
1.4037468453409376E-4
7.288767043594454E-4
2.4115913177234216E-4
0.0010326708984346072
0.0013435637690248868
4.4147946700704067E-4
2.983103463429482E-4
1.748942837992544E-4
1.0320119383496367E-4
1.9877626932043865E-4
6.028535758686945E-4
3.399491168011791E-4
0.0014197424931737495
0.001117635105949053
5.52802186392514E-4
3.6396530012545796E-4
2.134187431475611E-4
9.938813466021933E-5
4.762290470829207E-4
3.836831010967947E-4
4.749707514890717E-4
9.099132503136451E-4
0.0011430739839822799
0.0014388008255569894
5.472010353065313E-4
4.818245192762463E-4
2.0811050785433425E-4
1.9019021447949929E-4
1.868057452486162E-4
3.9708020130586863E-4
5.115774681290595E-4
0.0010930114491539832
0.0012805124588853667
4.2378937112104594E-4
0.0011510406604455913
4.1040077647989855E-4
3.2121634618416416E-4
1.369398053779944E-4
1.8066122504194115E-4
3.311096002552805E-4
8.266848779102135E-4
6.394718351613246E-4
7.124561272336075E-4
3.3903149689683667E-4
8.632804953341935E-4
2.7360051765326567E-4
1.6060817309208208E-4
1.3522683527419617E-4
2.738796107559888E-4
2.7099183756291165E-4
0.001658505189405774
6.61800335509781E-4
7.673662021935894E-4
5.937134393613395E-4
2.542736226726275E-4
5.755203302227957E-4
1.3680025882663283E-4
0.002841395255398376
1.0343682464974568E-4
4.373584202109495E-4
4.1081941613398316E-4
3.613224500838823E-4
0.0011831187443114579
7.941604026117373E-4
6.394718351613246E-4
4.749707514890717E-4
3.1869000595789943E-4
1.6951574844841833E-4
2.8776016511139783E-4
7.11389250620614E-5
2.0687364929949137E-4
4.0568050582258857E-4
5.477592215119776E-4
4.5165306260485283E-4
6.958722111473231E-4
6.61800335509781E-4
5.115774681290595E-4
3.5622806361680377E-4
1.456241497566625E-4
8.475787422420917E-5
1.2146842042998526E-4
3.1031047394923706E-4
5.409073410967847E-4
6.84699026889972E-4
5.419836751258233E-4
6.910027329906426E-4
5.294402684078248E-4
3.836831010967947E-4
2.3748537574453586E-4
3.7913824693199636E-5
1.0190324976615725E-4
2.429368408599705E-4
4.1374729859898273E-4
6.76134176370981E-4
8.216388322679663E-4
4.5165306260485283E-4
3.9708020130586863E-4
2.5578873406452977E-4
1.1874268787226793E-4
1.0216724703477481E-4
2.038064995323145E-4
3.6440526128995575E-4
5.171841232487285E-4
8.113610116451771E-4
6.84699026889972E-4
3.613224500838823E-4
5.45947950188187E-4
2.647201342039124E-4
1.2789436703226488E-4
2.0433449406954962E-4
3.057097492984717E-4
4.85873681719941E-4
6.206209478984741E-4
6.76134176370981E-4
5.477592215119776E-4
2.7099183756291165E-4
4.268374862951222E-4
2.0051830927499904E-4
3.5322187652947034E-4
5.468820891420083E-4
0.0012110870634255643
0.0015223430264576197
0.004008873306830705
0.0012765903247641233
0.0015420175080447338
0.0010597271607220577
5.975945214000884E-4
0.001461794386397394
0.0020943950130149656
8.510235605823742E-5
1.866679704206479E-4
4.0866898813909924E-4
5.095162488307863E-4
7.288105225799115E-4
4.1374729859898273E-4
6.098198789732381E-4
2.738796107559888E-4
9.033061252097057E-5
4.8339708832513046E-4
1.7020471211647484E-4
2.8000195563097186E-4
5.108362351738739E-4
6.114194985969434E-4
6.073421021499262E-4
3.1031047394923706E-4
2.7045367054839235E-4
1.369398053779944E-4
7.03486114122672E-5
9.667941766502609E-4
2.5530706817471227E-4
3.733359408412958E-4
6.130034822086488E-4
0.0011580410233623776
4.85873681719941E-4
2.0687364929949137E-4
2.6493179018051443E-4
5.725201229608433E-4
1.406972228245344E-4
0.0014501912649753912
3.4040942423294967E-4
4.666699260516198E-4
0.001229800061755206
5.108362351738739E-4
4.07612999064629E-4
3.6440526128995575E-4
4.0993335391840204E-4
1.0343682464974568E-4
1.095236032759618E-4
1.363164843460857E-4
2.110458342368016E-4
0.0019335883533005218
0.0014893370509279568
5.600039112619437E-4
4.0866898813909924E-4
9.440049116805334E-4
2.429368408599705E-4
1.6728492129479056E-4
2.190472065519236E-4
2.1103924472962336E-4
0.009909554642331673
0.0024169854416256527
5.106141363494245E-4
4.666699260516198E-4
3.065017411043244E-4
2.038064995323145E-4
1.2146842042998526E-4
1.745787861170385E-4
3.345698425895811E-4
0.0011646183303726286
3.51743057061336E-4
0.0029003825299507824
0.0018189243145324257
3.733359408412958E-4
2.0433449406954962E-4
1.0190324976615725E-4
2.0496667695920102E-4
9.522144537815703E-4
5.018547638843716E-4
4.380944131038472E-4
3.5995842300416616E-4
0.0022312623131160833
0.0024169854416256527
3.4040942423294967E-4
2.8000195563097186E-4
1.0216724703477481E-4
5.094407745415352E-4
2.594099098126365E-4
5.237363583511154E-4
6.691396851791622E-4
0.0019148232392348298
4.268335503723685E-4
3.51743057061336E-4
0.0019335883533005218
2.5530706817471227E-4
1.866679704206479E-4
2.5859465522259716E-4
4.719994599410622E-4
2.1328255412055128E-4
0.0017378667097447398
8.364246064739529E-4
6.571416196557709E-4
4.1726187415639293E-4
2.813944456490688E-4
0.0014501912649753912
1.7020471211647484E-4
9.333398521032395E-5
2.3299048720553398E-4
5.171893104451943E-4
7.07999189911593E-4
0.008221417082623517
8.728939305851925E-4
0.0010037095277687432
5.47618016379809E-4
2.110458342368016E-4
9.667941766502609E-4
8.510235605823742E-5
2.1701698962177637E-4
4.6598097441106795E-4
7.757839656677913E-4
9.439989198821244E-4
0.0028626006148042165
0.0010474727167022308
8.364246064739529E-4
4.380944131038472E-4
2.2293345712679155E-4
1.406972228245344E-4
0.002084060373743891
3.643292383223533E-4
4.3403397924355274E-4
6.98971461616602E-4
0.0010343786208903887
0.0011799986498526554
4.0894945303825706E-4
8.728939305851925E-4
6.691396851791622E-4
3.2857080982788545E-4
0.004059946571678392
7.03486114122672E-5
6.510509688653291E-4
9.319619488221359E-4
0.0012929732761129856
0.001415998379823186
3.5173207454937226E-4
6.98315144468154E-4
0.00631603318395724
2.190472065519236E-4
1.0575445643950414E-4
3.104527091743463E-4
8.680679584871055E-4
0.0011649524360276698
0.0015515679313355827
0.0011799986498526554
5.237363583511154E-4
3.345698425895811E-4
1.095236032759618E-4
3.614198622501022E-4
6.209054183486926E-4
0.001085084948108882
0.001397942923233204
0.0030634621170214714
9.439989198821244E-4
2.1597505380249968E-4
3.49157572234077E-4
1.6728492129479056E-4
7.228397245002044E-4
9.313581275230391E-4
0.003433146042341933
0.0011649524360276698
0.0010343786208903887
7.07999189911593E-4
1.422778501241228E-4
1.745787861170385E-4
2.7064432146199565E-4
0.0010842595867503067
0.0012418108366973853
0.0015881985247396906
0.001085084948108882
9.319619488221359E-4
7.757839656677913E-4
4.719994599410622E-4
8.345237483127858E-5
2.727038385458762E-4
5.412886429239913E-4
0.002674005040616169
0.0015522635458717323
8.680679584871055E-4
6.98971461616602E-4
5.171893104451943E-4
2.359997299705311E-4
2.470502849206972E-4
5.454076770917524E-4
0.005611133700276485
0.0018070993112505112
0.0018627162550460782
6.510509688653291E-4
4.6598097441106795E-4
2.5859465522259716E-4
2.4342308453452813E-4
0.001119546002648035
8.181115156376287E-4
0.0010825772858479826
0.0021685191735006134
0.0015522635458717323
4.3403397924355274E-4
2.3299048720553398E-4
7.916846477949817E-4
4.8684616906905626E-4
7.411508547620917E-4
0.0010908153541835048
0.0013532216073099783
0.0018070993112505112
0.0012418108366973853
0.0017148295555376879
0.0010578457686251763
7.315449186490157E-4
0.0011360567835950292
0.0017073364416223644
0.002178566584928502
0.0024148680265875613
0.0017580135485422827
0.0018151835439202805
9.104660827727439E-4
6.141627958078801E-4
9.529191148438144E-4
0.0014206960697408493
0.0017704888409084858
0.002091889216436588
0.0014573169532894133
0.0017795695213894515
2.585930626779613E-4
7.103480348704247E-4
7.302692536035844E-4
9.882011396827887E-4
0.0013635191927293814
0.0016238659287719738
0.0014456794490004087
9.313581275230391E-4
0.002995625131831823
0.001545820744447265
4.181427246044248E-4
5.171861253559226E-4
0.005574675622946537
9.736923381381125E-4
0.0012352514246034862
0.0016362230312752574
0.0013532216073099783
0.005577697284498041
0.003712546907243223
0.0015872051085533705
0.00512111227319138
4.063971511333215E-4
8.362854492088496E-4
7.757791880338839E-4
0.0012171154226726408
0.0014823017095241834
0.0013635191927293814
0.007073827549511628
0.004637462233341794
0.003897249941606945
0.0014103073341028712
8.12794302266643E-4
0.0012544281738132742
0.0010343722507118451
0.002091889216436588
0.0014605385072071688
0.008724314254183045
0.007274098331972565
0.0055735482900460985
0.002599906603271539
3.614198622501022E-4
7.048050868710872E-4
0.0012191914533999644
0.0016725708984176991
0.0012929653133898068
0.011172850825429589
0.008946219144908967
0.00733702157389627
0.0053581311458805675
5.412886429239913E-4
0.0011699722020385732
9.388986254232419E-4
0.0014096101737421745
0.001625588604533286
0.009579776452601683
0.010826482842751355
0.007936025542766853
9.736923381381125E-4
7.411508547620917E-4
0.0028853520811688987
0.0012095429468852374
0.0011699722020385732
0.0018777972508464838
0.0021144152606132616
0.005991250263663646
0.009761089477902933
0.01203208699894677
0.018830900957450998
0.004240185859719303
0.002371897820687878
9.775089254169635E-4
0.0023399444040771464
0.00731013357401746
0.00900250332527341
0.007936025542766853
0.014886632276394755
0.002090713623022124
0.005714261058866138
0.003596359550227165
0.0018964563428112307
2.470502849206972E-4
0.0012062584788437062
0.002995625131831823
0.008147378839457514
0.010104414935906449
0.013643896774662646
0.007881846765859474
0.005428165400110666
0.002890194448647146
5.468820891420083E-4
6.498202356678496E-4
0.003085017674469282
0.0050562686822701935
0.004761615325660111
0.010758615328435514
0.004694493127116209
0.011248663733457962
0.004694493127116209
0.0044448089520176355
0.0016725708984176991
0.0013299804276225653
3.015284407737467E-4
0.008528318825701913
0.01722584499057289
0.014146006580253922
0.03789817464631941
0.039903018250561424
0.027100703068111975
0.012983353828644063
0.006220864918906136
0.003766180191490199
