0.0
0.0
0.1111111111111111
0.0
0.0
0.0
0.1111111111111111
0.0
0.0
0.0
0.0
0.0
0.0
0.0
0.0
0.0
7.716049382716049E-4
0.0
0.0
0.0015432098765432098
0.0015432098765432098
0.0
0.0023148148148148147
0.0030864197530864196
0.0023148148148148147
0.0
0.0
0.004629629629629629
0.004629629629629629
0.0030864197530864196
0.0
0.006944444444444444
0.006172839506172839
0.0038580246913580245
0.0
0.004629629629629629
0.009259259259259259
0.007716049382716049
0.004629629629629629
0.0
0.0038580246913580245
0.009259259259259259
0.011574074074074073
0.009259259259259259
0.0038580246913580245
0.0
0.007716049382716049
0.013888888888888888
0.013888888888888888
0.007716049382716049
0.0030864197530864196
0.0
0.0
0.0023148148148148147
0.0
0.011574074074074073
0.018518518518518517
0.1388888888888889
0.011574074074074073
0.006172839506172839
0.0023148148148148147
0.0
0.0
0.0015432098765432098
0.004629629629629629
0.015432098765432098
0.023148148148148147
0.009259259259259259
0.004629629629629629
0.0015432098765432098
7.716049382716049E-4
0.0030864197530864196
0.006944444444444444
0.019290123456790126
0.027777777777777776
0.006944444444444444
0.0030864197530864196
7.716049382716049E-4
0.0
0.0015432098765432098
0.004629629629629629
0.009259259259259259
0.023148148148148147
0.023148148148148147
0.004629629629629629
0.0015432098765432098
0.0
0.0
0.0023148148148148147
0.006172839506172839
0.011574074074074073
0.0
0.019290123456790126
0.018518518518518517
0.0
0.0023148148148148147
0.0
0.0
0.0
0.0030864197530864196
0.007716049382716049
0.013888888888888888
0.015432098765432098
0.013888888888888888
0.0
0.0
0.0
0.0
0.0038580246913580245
0.009259259259259259
0.011574074074074073
0.011574074074074073
0.009259259259259259
0.0
0.0
0.0
0.0
0.004629629629629629
0.007716049382716049
0.009259259259259259
0.007716049382716049
0.004629629629629629
0.0
0.0
0.0
0.0
0.0
0.0
0.0
0.0
0.0
0.0
0.0
0.0
0.0
0.0
0.0
0.0
0.0
0.0
0.0
0.0
0.0
0.0
0.0
0.0
0.0038580246913580245
0.006172839506172839
0.006944444444444444
0.0038580246913580245
0.0
0.0
0.0
0.0
0.0
0.0
0.0
0.0030864197530864196
0.004629629629629629
0.004629629629629629
0.0
0.0
0.0
0.0
0.0
0.0
0.0
0.0023148148148148147
0.0030864197530864196
0.0023148148148148147
0.0
0.0
0.0
0.0
0.0
0.0
0.0
0.0
0.0015432098765432098
0.0015432098765432098
0.0
0.0
0.0
0.0
0.0
0.0
0.0
0.0
0.0
0.0
0.0
7.716049382716049E-4
0.0
0.0
0.0
0.0
0.0
0.0
0.0
0.0
0.0
0.0
0.0
0.0
0.0
0.0
0.0
0.0
0.0
0.0
0.0
0.0
0.0
0.0
0.0
0.0
0.0
0.0
0.0
0.0
0.0
0.0
0.0
0.0
0.0
0.0
0.0
0.0
0.0
0.0
0.0
0.0
0.0
0.0
0.0
0.0
0.0
0.0
0.0
0.0
0.0
0.0
0.0
0.0
0.0
0.0
0.0
0.0
0.0
0.0
0.0
0.0
0.0
0.0
0.0
0.0
0.0
0.0
0.0
0.0
0.0
0.0
0.0
0.0
0.0
0.0
0.0
0.0
0.0
0.0
0.0
0.0
0.0
0.0
0.0
0.0
0.0
0.0
0.0
0.0
0.0
0.0
0.0
0.0
0.0
0.0
0.0
0.0
0.0
0.0
0.0
0.0
0.0
0.0
0.0
0.0
0.0
0.0
0.0
0.0
0.0
0.0
0.0
0.0
0.0
0.0
0.0
0.0
0.0
0.0
0.0
0.0
0.0
0.0
0.0
0.0
0.0
0.0
0.0
0.0
0.0
0.0
0.0
0.0
0.0
0.0
0.0
0.0
0.0
0.0
0.0
0.0
0.0
0.0
0.0
0.0
0.0
0.0
0.0
0.0
0.0
0.0
0.0
0.0
0.0
0.0
0.0
0.0
0.0
0.0
0.0
0.0
0.0
0.0
0.0
0.0
0.0
0.0
0.0
0.0
0.0
0.0
0.0
0.0
0.0
0.0
0.0
0.0
0.0
0.0
0.0
0.0
0.0
0.0
0.0
0.0
0.0
0.0
0.0
0.0
0.0
0.0
0.0
0.0
0.0
0.0
0.0
0.0
0.0
0.0
0.0
0.0
0.0
0.0
0.0
0.0
0.0
0.0
0.0
0.0
0.0
0.0
0.0
0.0
0.0
0.0
0.0
0.0
0.0
0.0
0.0
0.0
0.0
0.0
0.0
0.0
0.0
0.0
0.0
0.0
0.0
0.0
0.0
0.0
0.0
0.0
0.0
0.0
0.0
0.0
0.0
0.0
0.0
0.0
0.0
0.0
0.0
0.0
0.0
0.0
0.0
0.0
0.0
0.0
0.0
0.0
0.0
0.0
0.0
0.0
0.0
0.0
0.0
0.0
0.0
0.0
0.0
0.0
0.0
0.0
0.0
0.0
0.0
0.0
0.0
0.0
0.0
0.0
0.0
0.0
0.0
0.0
0.0
0.0
0.0
0.0
0.0
0.0
0.0
0.0
0.0
0.0
0.0
0.0
0.0
0.0
0.0
0.0
0.0
0.0
0.0
0.0
0.0
0.0
0.0
0.0
0.0
0.0
0.0
0.0
0.0
0.0
0.0
0.0
0.0
0.0
0.0
0.0
0.0
0.0
0.0
0.0
0.0
0.0
0.0
0.0
0.0
0.0
0.0
0.0
0.0
0.0
0.0
0.0
0.0
0.0
0.0
0.0
0.0
0.0
0.0
0.0
0.0
0.0
0.0
0.0
0.0
0.0
0.0
0.0
0.0
0.0
0.0
0.0
0.0
0.0
0.0
0.0
0.0
0.0
0.0
0.0
0.0
0.0
0.0
0.0
0.0
0.0
0.0
0.0
0.0
0.0
0.0
0.0
0.0
0.0
0.0
0.0
0.0
0.0
0.0
0.0
0.0
0.0
0.0
0.0
0.0
0.0
0.0
0.0
0.0
0.0
0.0
