5.475139831615542E-4
8.297585921297934E-4
0.004514339964639608
0.005277197662359504
0.006418798769527155
0.004525526996523966
0.0042315102607982154
5.832758590168372E-4
0.0017916550519173685
7.756498655277511E-4
8.42491997619766E-4
6.831615223289497E-5
2.049484566986849E-4
6.298521424154343E-5
0.001684983995239532
3.1492607120771717E-4
3.237451108131511E-5
0.0025274759928592973
3.5509728412101265E-4
5.975829217876326E-5
6.474902216263022E-5
0.003369967990479064
8.431743439254074E-5
1.1951658435752652E-4
9.712353324394532E-5
0.00421245998809883
1.7338707116424062E-4
1.6863486878508147E-4
1.792748765362898E-4
1.2949804432526045E-4
0.005054951985718595
2.5295230317762225E-4
2.3903316871505304E-4
1.6187255540657557E-4
0.00421245998809883
1.6484210700328737E-4
3.3726973757016294E-4
2.9879146089381635E-4
1.9424706648789064E-4
0.003369967990479064
1.4059368353405062E-4
3.2968421400657473E-4
4.2158717196270375E-4
3.585497530725796E-4
1.6187255540657557E-4
0.0025274759928592973
2.8118736706810125E-4
4.945263210098622E-4
5.059046063552445E-4
2.9879146089381635E-4
1.2949804432526045E-4
0.001684983995239532
1.0763973384720973E-4
2.029583776504337E-4
1.2597042848308686E-4
5.242552789514943E-4
6.593684280131495E-4
0.004372318406586652
4.2158717196270375E-4
2.3903316871505304E-4
9.712353324394532E-5
4.952662493085993E-4
8.42491997619766E-4
1.0177742310246356E-4
2.283681132403611E-4
5.623747341362025E-4
8.242105350164369E-4
3.3726973757016294E-4
4.166450483762792E-4
6.474902216263022E-5
2.3303577651761224E-4
2.0355484620492712E-4
3.4255216986054163E-4
7.029684176702532E-4
9.890526420197243E-4
2.5295230317762225E-4
1.1951658435752652E-4
3.237451108131511E-5
7.427837702023964E-5
4.6607155303522447E-4
3.053322693073907E-4
4.567362264807222E-4
8.435621012043038E-4
0.0014417902817555177
1.6863486878508147E-4
1.832742415265794E-4
2.4763312465429966E-4
1.4855675404047927E-4
6.991073295528367E-4
4.0710969240985423E-4
5.709202831009028E-4
8.865815399319474E-4
7.029684176702532E-4
6.593684280131495E-4
2.9552717997731584E-4
8.431743439254074E-5
1.1578511413130279E-4
2.1527946769441946E-4
2.2283513106071892E-4
9.321431060704489E-4
0.0012941697318436447
6.851043397210833E-4
5.623747341362025E-4
9.656958908086583E-4
1.384830004427453E-4
2.3157022826260557E-4
3.6141053647271396E-4
0.0031440539520573916
0.0011651788825880612
6.106645386147814E-4
5.709202831009028E-4
4.217810506021519E-4
3.2968421400657473E-4
1.471583327725074E-4
2.769660008854906E-4
9.029391058158628E-4
3.713918851011982E-4
0.0013982146591056733
0.0014348600545489088
4.567362264807222E-4
2.8118736706810125E-4
1.6484210700328737E-4
1.6796396211481314E-4
3.1605273996695955E-4
9.893621546435607E-4
4.243112048002448E-4
0.0015921633682072316
0.001561633005418401
5.136097164722372E-4
3.14560307531579E-4
1.8439717496343636E-4
1.5705652326626537E-4
2.9552717997731584E-4
9.427741510970948E-4
3.9561695306664904E-4
0.001485798747925798
0.0014919091743254595
4.8188071529695195E-4
2.957751617265268E-4
1.7338707116424062E-4
1.4776358998865792E-4
6.789273750559728E-4
4.154490013282359E-4
4.6314045652521115E-4
7.394379043163172E-4
0.0015995023906543117
0.0011651788825880612
4.0710969240985423E-4
3.4255216986054163E-4
1.4059368353405062E-4
3.663827986730216E-4
2.470318986956323E-4
4.4147499831752226E-4
5.539320017709812E-4
0.0015272311490111233
0.0010403224269854437
3.713918851011982E-4
9.321431060704489E-4
3.053322693073907E-4
2.283681132403611E-4
1.802316489138552E-4
3.5344336600419955E-4
3.8520728735417793E-4
0.0011952893977957577
6.924150022137264E-4
6.947106847878167E-4
2.9711350808095854E-4
6.991073295528367E-4
2.0355484620492712E-4
1.1418405662018055E-4
1.7776430326777053E-4
3.604632978277104E-4
5.301650490062993E-4
0.00401733842492915
7.357916638625372E-4
8.308980026564718E-4
5.78925570656514E-4
2.2283513106071892E-4
4.6607155303522447E-4
1.0177742310246356E-4
0.008794371905402087
1.4236128624294314E-4
7.367541120414545E-4
5.406949467415657E-4
7.068867320083991E-4
0.0012381656232714985
8.829499966350445E-4
6.924150022137264E-4
4.6314045652521115E-4
2.663229630907595E-4
1.4855675404047927E-4
2.3303577651761224E-4
1.5878461357870247E-4
2.847225724858863E-4
5.332929098033116E-4
7.209265956554208E-4
8.83608415010499E-4
6.458384030832584E-4
7.357916638625372E-4
5.539320017709812E-4
3.4735534239390835E-4
1.2597042848308686E-4
7.427837702023964E-5
1.790203888180185E-4
4.2708385872882945E-4
7.110572130710821E-4
9.011582445692761E-4
0.0010603300980125986
6.0235089412119E-4
5.886333310900296E-4
4.154490013282359E-4
2.3157022826260557E-4
3.415807611644748E-5
1.495881706058434E-4
3.58040777636037E-4
5.694451449717726E-4
8.888215163388526E-4
0.0010813898934831313
8.83608415010499E-4
4.4147499831752226E-4
2.769660008854906E-4
1.1578511413130279E-4
1.5205227258626274E-4
2.991763412116868E-4
5.370611664540554E-4
7.118064312147159E-4
0.0010665858196066231
9.011582445692761E-4
7.068867320083991E-4
4.4366274258979016E-4
2.943166655450148E-4
1.384830004427453E-4
3.041045451725255E-4
4.487645118175302E-4
7.16081555272074E-4
8.541677174576589E-4
8.888215163388526E-4
7.209265956554208E-4
5.301650490062993E-4
3.4677414232848125E-4
3.0722461449444777E-4
4.026442609325941E-4
5.029949802256609E-4
0.001255068217398929
0.0015576231819905452
0.003126514303360797
0.0013445397492388813
0.0017742259829395873
0.0014416902430623292
0.0010247208379923801
0.001553586759261046
0.0013815638212672599
1.5106094919449493E-4
3.101627085772647E-4
6.08209090345051E-4
7.47940853029217E-4
0.0010741223329081109
5.694451449717726E-4
9.999037150842944E-4
3.604632978277104E-4
1.7672168300209977E-4
4.376425964047615E-4
3.0212189838898986E-4
4.652440628658971E-4
7.602613629313139E-4
8.975290236350604E-4
8.951019440900925E-4
4.2708385872882945E-4
3.5552860653554106E-4
1.802316489138552E-4
1.4729050577977706E-4
8.75285192809523E-4
4.531828475834848E-4
6.203254171545294E-4
9.123136355175766E-4
0.0016612321405182762
7.16081555272074E-4
2.847225724858863E-4
3.604225607655823E-4
4.4453476153476234E-4
2.945810115595541E-4
0.0013129277892142842
6.042437967779797E-4
7.754067714431618E-4
0.0012749034620698455
7.602613629313139E-4
5.983526824233736E-4
5.370611664540554E-4
4.249678206899486E-4
1.4236128624294314E-4
1.7556759119728932E-4
3.2013256344388074E-4
4.418715173393311E-4
0.001750570385619046
0.0018757545370048762
9.304881257317942E-4
6.08209090345051E-4
0.0011210343864369709
3.58040777636037E-4
2.0661834369415578E-4
3.5113518239457864E-4
4.934546311337628E-4
0.012825634305965698
0.0021882129820238075
9.063656951669696E-4
7.754067714431618E-4
4.561568177587883E-4
2.991763412116868E-4
1.790203888180185E-4
2.1839990601595465E-4
4.1323668738831157E-4
0.0012461556482672468
7.364525288988854E-4
0.0026258555784285684
0.0019543928704314397
6.203254171545294E-4
3.041045451725255E-4
1.495881706058434E-4
2.124839103449743E-4
9.694074117920033E-4
6.198550310824674E-4
7.022703647891573E-4
8.060613437078708E-4
0.0024815658339589434
0.0021882129820238075
6.042437967779797E-4
4.652440628658971E-4
1.5205227258626274E-4
4.876749856553938E-4
3.653165149956236E-4
6.55199718047864E-4
8.264733747766231E-4
0.002135325406550599
9.52707681472215E-4
7.364525288988854E-4
0.001750570385619046
4.531828475834848E-4
3.101627085772647E-4
2.628281376225635E-4
4.723549910851267E-4
5.195996962642336E-4
0.0018638512506396658
0.001033091718470779
0.001053405547183736
9.530637637647837E-4
5.891620231191083E-4
0.0013129277892142842
3.0212189838898986E-4
1.5508135428863234E-4
2.480292784444009E-4
5.25656275245127E-4
7.085324866276901E-4
0.011035466457252353
0.0010919995300797732
0.0012397100621649349
8.778379559864467E-4
4.418715173393311E-4
8.75285192809523E-4
1.5106094919449493E-4
2.4387805804140637E-4
4.960585568888019E-4
7.884844128676904E-4
9.447099821702534E-4
0.0022226738076738116
0.001310399436095728
0.001033091718470779
7.022703647891573E-4
4.54992050029296E-4
2.945810115595541E-4
0.0013427479957095546
2.912858262097845E-4
4.8775611608281274E-4
7.440878353332028E-4
0.001051312550490254
0.0011808874777128166
9.603976903316423E-4
0.0010919995300797732
8.264733747766231E-4
5.26702773591868E-4
0.002737557997577602
1.4729050577977706E-4
7.316341741242192E-4
9.921171137776037E-4
0.0013141406881128177
0.0014170649732553801
8.224243852229382E-4
8.735996240638186E-4
0.004146091838477795
3.5113518239457864E-4
1.9230535475547902E-4
2.864854794627569E-4
9.755122321656255E-4
0.0012401463922220048
0.0015769688257353809
0.0011808874777128166
6.55199718047864E-4
4.1323668738831157E-4
1.7556759119728932E-4
3.0860599310923796E-4
5.729709589255138E-4
0.0012193902902070321
0.0014881756706664057
0.0024548200999438023
9.447099821702534E-4
4.836368062247224E-4
4.367998120319093E-4
2.0661834369415578E-4
6.172119862184759E-4
8.594564383882707E-4
0.0027717042498038866
0.0012401463922220048
0.001051312550490254
7.085324866276901E-4
3.1756922715740494E-4
2.1839990601595465E-4
2.2843441466395794E-4
9.258179793277138E-4
0.0011459419178510275
9.721264316947289E-4
0.0012193902902070321
9.921171137776037E-4
7.884844128676904E-4
4.723549910851267E-4
1.9061275275295675E-4
2.1864882936036093E-4
4.568688293279159E-4
0.001968079507965845
0.0014324273973137845
9.755122321656255E-4
7.440878353332028E-4
5.25656275245127E-4
2.3617749554256335E-4
1.948397417377287E-4
4.3729765872072186E-4
0.008148223149534829
0.0015430299655461897
0.0017189128767765413
7.316341741242192E-4
4.960585568888019E-4
2.628281376225635E-4
1.8401490196485784E-4
7.536149595016527E-4
6.559464880810827E-4
9.137376586558318E-4
0.0018516359586554275
0.0014324273973137845
4.8775611608281274E-4
2.480292784444009E-4
3.883857603978253E-4
3.680298039297157E-4
5.845192252131862E-4
8.745953174414437E-4
0.0011421720733197896
0.0015430299655461897
0.0011459419178510275
0.0010847004582975148
3.75183068097192E-4
3.6043038012653937E-4
5.726581903405828E-4
8.546455987645049E-4
0.0011179663538075366
0.0015807248989627837
0.001170498993730055
0.0011379534129045152
3.823040821649107E-4
3.6682776776444655E-4
5.832758590168372E-4
8.722906010369655E-4
0.0011406794118309848
0.0015696660535937754
0.001165143304839138
0.001109041965056983
1.8288360470780456E-4
4.3614530051848274E-4
5.520447058945735E-4
7.793589669509148E-4
0.0010932441468018048
0.0013706064879837475
0.0012344239724369518
8.594564383882707E-4
0.0016816448005122166
8.669722317808842E-4
1.9734979566023766E-4
3.657672094156091E-4
0.006964321304107443
7.360596078594314E-4
9.741987086886439E-4
0.0013118929761621655
0.0011421720733197896
0.003448285180096039
0.0023069154224872827
8.832830183791039E-4
0.007472836808998095
2.537997881980473E-4
3.946995913204753E-4
5.486508141234137E-4
9.200745098242892E-4
0.0011690384504263725
0.0010932441468018048
0.004277027259680265
0.0026009166953426524
0.002383778022976684
9.19437425786895E-4
5.075995763960946E-4
5.92049386980713E-4
7.315344188312182E-4
0.0015696660535937754
0.001104089411789147
0.005178310709969186
0.004342484244564982
0.0033351522991291855
0.001483878539001
3.0860599310923796E-4
4.096862626255379E-4
7.613993645941418E-4
7.893991826409506E-4
9.144180235390229E-4
0.006792649358795357
0.005254935668728712
0.004312491040467331
0.003239452766826082
4.568688293279159E-4
6.654269603529452E-4
5.393022881945617E-4
8.193725252510758E-4
0.001015199152792189
0.00519086097958173
0.006299135018932133
0.004416415091895521
7.360596078594314E-4
5.845192252131862E-4
0.001768151579426612
7.677367028585196E-4
6.654269603529452E-4
0.0010786045763891234
0.0012290587878766134
0.003363289601024433
0.005603860099894659
0.006483796884236049
0.02774346690742531
0.0025483255869534088
0.0014682840598645808
6.283350919858988E-4
0.0013308539207058903
0.004140374065352009
0.00510663397762569
0.004416415091895521
0.008117193969370318
9.867489783011883E-4
0.0033932422602429993
0.002360595584515571
0.0011874023291807915
1.948397417377287E-4
6.777548756994429E-4
0.0016816448005122166
0.004597197576401487
0.0056903412262946625
0.007758198146881021
0.004596133742754963
0.0029466083354191975
0.001777709602000027
5.029949802256609E-4
4.378146901629052E-4
0.0017241054186352123
0.0028289724298848776
0.0026498490551373115
0.006107624075063866
0.002696511440972809
0.006450679337870897
0.002696511440972809
0.0026539442032943407
7.893991826409506E-4
8.733667858117038E-4
2.66303799880047E-4
0.01962270014638893
0.039992739470295066
0.02962653780537787
0.07901683841013515
0.07905110562469858
0.051425994322090794
0.021190160667836078
0.010856847191025464
0.005548693381485061
