5.04941261487518E-4
7.659019510542739E-4
0.004041959779152737
0.004916509497167594
0.005878454952517852
0.00414582574826173
0.0037660111080302303
5.253098209187415E-4
0.0016392084408691104
7.082869564334065E-4
7.617744975935923E-4
5.7096739160165004E-5
1.7129021748049503E-4
5.303046883220227E-5
0.0015235489951871846
2.651523441610114E-4
2.8015255495130646E-5
0.0022853234927807772
3.008380879942901E-4
5.208547995147468E-5
5.603051099026129E-5
0.0030470979903743692
7.391214073717149E-5
1.0417095990294936E-4
8.404576648539195E-5
0.003808872487967962
1.4763646841042726E-4
1.4782428147434298E-4
1.5625643985442406E-4
1.1206102198052258E-4
0.0045706469855615545
2.2173642221151444E-4
2.0834191980589873E-4
1.4007627747565326E-4
0.003808872487967962
1.4514725460566008E-4
2.9564856294868596E-4
2.6042739975737345E-4
1.680915329707839E-4
0.0030470979903743692
1.2379130590973607E-4
2.9029450921132016E-4
3.695607036858574E-4
3.125128797088481E-4
1.4007627747565326E-4
0.0022853234927807772
2.4758261181947214E-4
4.3544176381698016E-4
4.434728444230289E-4
2.6042739975737345E-4
1.1206102198052258E-4
0.0015235489951871846
8.958973961216273E-5
1.7475829963507398E-4
1.0606093766440453E-4
4.570190264694557E-4
5.805890184226403E-4
0.003875994723525559
3.695607036858574E-4
2.0834191980589873E-4
8.404576648539195E-5
4.0453156573237806E-4
7.617744975935923E-4
8.797864693913626E-5
1.9909755527300284E-4
4.951652236389443E-4
7.257362730283003E-4
2.9564856294868596E-4
3.47353196694062E-4
5.603051099026129E-5
1.9848581311900313E-4
1.7595729387827252E-4
2.9864633290950423E-4
6.189565295486803E-4
8.708835276339603E-4
2.2173642221151444E-4
1.0417095990294936E-4
2.8015255495130646E-5
6.241797011085196E-5
3.9697162623800625E-4
2.639359408174088E-4
3.981951105460057E-4
7.427478354584164E-4
0.0012150413796628541
1.4782428147434298E-4
1.4994650127838542E-4
2.0226578286618903E-4
1.248359402217039E-4
5.954574393570093E-4
3.5191458775654503E-4
4.977438881825071E-4
6.93537282195078E-4
6.189565295486803E-4
5.805890184226403E-4
2.3117909406502598E-4
7.391214073717149E-5
9.56544342177752E-5
1.7917947922432547E-4
1.8725391033255586E-4
7.939432524760125E-4
0.0010522811140753112
5.972926658190085E-4
4.951652236389443E-4
8.028744914447578E-4
1.1267220272695735E-4
1.913088684355504E-4
3.039433806423925E-4
0.009314037981803098
9.924290655950157E-4
5.278718816348176E-4
4.977438881825071E-4
3.713739177292082E-4
2.9029450921132016E-4
1.1932774277999642E-4
2.253444054539147E-4
7.184025564971299E-4
3.120898505542598E-4
0.0011909148787140186
0.0011589586577686886
3.981951105460057E-4
2.4758261181947214E-4
1.4514725460566008E-4
1.2654886056030477E-4
2.3870177442226386E-4
7.787370635063175E-4
3.2660645980259423E-4
0.0012416435602397979
0.0012518720167047108
4.1338382005515944E-4
2.5654671311442777E-4
1.5040356875901028E-4
1.224775758759259E-4
2.3117909406502598E-4
7.464410422125449E-4
3.184945947327298E-4
0.0012135946971971344
0.001202711995113835
4.052578408565233E-4
2.5182790618274564E-4
1.4763646841042726E-4
1.1558954703251299E-4
5.335602470489283E-4
3.380166081808721E-4
3.826177368711008E-4
6.295697654568642E-4
0.0012592221051319177
9.924290655950157E-4
3.5191458775654503E-4
2.9864633290950423E-4
1.2379130590973607E-4
2.832056835905737E-4
1.9572204265382145E-4
3.5798322833998926E-4
4.506888109078294E-4
0.0012043220750943817
8.858188104625636E-4
3.120898505542598E-4
7.939432524760125E-4
2.639359408174088E-4
1.9909755527300284E-4
1.4307118146808E-4
2.759914055789452E-4
3.100378650413696E-4
9.400598011315615E-4
5.633610136347868E-4
5.739266053066513E-4
2.496718804434078E-4
5.954574393570093E-4
1.7595729387827252E-4
9.954877763650142E-5
1.4085253497132287E-4
2.8614236293616E-4
4.139871083684178E-4
0.003405339119899467
5.966387138999821E-4
6.760332163617442E-4
4.782721710888761E-4
1.8725391033255586E-4
3.9697162623800625E-4
8.797864693913626E-5
0.00455384461333806
1.1199028378456379E-4
5.706184269745804E-4
4.2921354440424007E-4
5.519828111578904E-4
0.0010113289143309453
7.159664566799785E-4
5.633610136347868E-4
3.826177368711008E-4
2.256285659957176E-4
1.248359402217039E-4
1.9848581311900313E-4
1.2071386778092942E-4
2.2398056756912758E-4
4.225576049139685E-4
5.7228472587232E-4
6.89978513947363E-4
5.375384376729765E-4
5.966387138999821E-4
4.506888109078294E-4
2.8696330265332563E-4
1.0606093766440453E-4
6.241797011085196E-5
1.395493144764779E-4
3.359708513536914E-4
5.634101398852915E-4
7.153559073404003E-4
8.279742167368356E-4
5.065723010706541E-4
4.773109711199857E-4
3.380166081808721E-4
1.913088684355504E-4
2.8548369580082502E-5
1.1642197667963829E-4
2.790986289529558E-4
4.4796113513825516E-4
7.042626748566143E-4
8.584270888084801E-4
6.89978513947363E-4
3.5798322833998926E-4
2.253444054539147E-4
9.56544342177752E-5
1.180777272111934E-4
2.3284395335927658E-4
4.186479434294336E-4
5.599514189228191E-4
8.45115209827937E-4
7.153559073404003E-4
5.519828111578904E-4
3.7774185927411845E-4
2.3865548555999285E-4
1.1267220272695735E-4
2.361554544223868E-4
3.4926593003891494E-4
5.581972579059115E-4
6.719417027073829E-4
7.042626748566143E-4
5.7228472587232E-4
4.139871083684178E-4
2.952729368208545E-4
2.400927673534822E-4
3.267415631097659E-4
4.238017758527395E-4
0.0010315656547159374
0.0012793124637818112
0.002686809791664737
0.001100025244464376
0.0014285623411575037
0.001137635998580807
7.904506365772339E-4
0.0012746846888817803
0.0012248428880344922
1.1601376710890276E-4
2.391624785264542E-4
4.723109088447736E-4
5.821098833981915E-4
8.372958868588672E-4
4.4796113513825516E-4
7.74040413177595E-4
2.8614236293616E-4
1.379957027894726E-4
3.670541391362607E-4
2.320275342178055E-4
3.587437177896812E-4
5.903886360559671E-4
6.985318600778299E-4
6.977465723823896E-4
3.359708513536914E-4
2.8170506994264574E-4
1.4307118146808E-4
1.1214305403466758E-4
7.341082782725214E-4
3.4804130132670827E-4
4.783249570529084E-4
7.084663632671604E-4
0.0012998922067675859
5.581972579059115E-4
2.2398056756912758E-4
2.8440899964520173E-4
3.821857055635421E-4
2.2428610806933517E-4
0.0011011624174087822
4.64055068435611E-4
5.979061963161355E-4
0.0010423331066816215
5.903886360559671E-4
4.6568790671855316E-4
4.186479434294336E-4
3.474443688938738E-4
1.1199028378456379E-4
1.3722403840011563E-4
2.415300491469716E-4
3.3642916210400276E-4
0.0014682165565450427
0.0014967565392648274
7.174874355793625E-4
4.723109088447736E-4
8.992785522711029E-4
2.790986289529558E-4
1.6622829108500797E-4
2.7444807680023127E-4
3.729179172860578E-4
0.012532921061269638
0.0018352706956813035
6.960826026534165E-4
5.979061963161355E-4
3.542331816335802E-4
2.3284395335927658E-4
1.395493144764779E-4
1.7518457481393142E-4
3.3245658217001593E-4
0.0010218905329977906
5.60715270173338E-4
0.0022023248348175643
0.0015970995318735867
4.783249570529084E-4
2.361554544223868E-4
1.1642197667963829E-4
1.737221844469369E-4
8.019241316827676E-4
4.986848732550238E-4
5.488961536004625E-4
6.127595470429365E-4
0.0020275232703727197
0.0018352706956813035
4.64055068435611E-4
3.587437177896812E-4
1.180777272111934E-4
4.0655617068836457E-4
2.871129293477577E-4
5.255537244417943E-4
6.649131643400319E-4
0.0017456246316324272
7.242832066855767E-4
5.60715270173338E-4
0.0014682165565450427
3.4804130132670827E-4
2.391624785264542E-4
2.1574308862461422E-4
3.893105655239896E-4
3.907178826717836E-4
0.0015293795946418809
8.311414554250401E-4
8.233442304006939E-4
7.222833925798366E-4
4.4857221613867033E-4
0.0011011624174087822
2.320275342178055E-4
1.195812392632271E-4
2.0227334142470615E-4
4.3148617724922845E-4
5.839658482859843E-4
0.013816887500720517
8.759228740696573E-4
9.973697465100477E-4
6.861201920005782E-4
3.3642916210400276E-4
7.341082782725214E-4
1.1601376710890276E-4
1.9756026791782692E-4
4.045466828494123E-4
6.472292658738427E-4
7.786211310479792E-4
0.0019109285278177107
0.0010511074488835886
8.311414554250401E-4
5.488961536004625E-4
3.470616225086819E-4
2.2428610806933517E-4
0.0011962192887886066
2.494828560836462E-4
3.9512053583565384E-4
6.068200242741184E-4
8.629723544984569E-4
9.73276413809974E-4
7.245901474409147E-4
8.759228740696573E-4
6.649131643400319E-4
4.1167211520034695E-4
0.0024155789528763827
1.1214305403466758E-4
5.926808037534808E-4
8.090933656988246E-4
0.001078715443123071
0.0011679316965719686
6.215298621434297E-4
7.007382992557257E-4
0.003679172663296621
2.7444807680023127E-4
1.474523807444677E-4
2.3956710816282626E-4
7.902410716713077E-4
0.0010113667071235308
0.0012944585317476854
9.73276413809974E-4
5.255537244417943E-4
3.3245658217001593E-4
1.3722403840011563E-4
2.615390430408527E-4
4.791342163256525E-4
9.878013395891348E-4
0.0012136400485482368
0.0020954439178525134
7.786211310479792E-4
3.6765572822576185E-4
3.5036914962786284E-4
1.6622829108500797E-4
5.230780860817054E-4
7.187013244884787E-4
0.002362558301981967
0.0010113667071235308
8.629723544984569E-4
5.839658482859843E-4
2.4142773556185885E-4
1.7518457481393142E-4
1.945784130172507E-4
7.846171291225582E-4
9.58268432651305E-4
8.755163681979026E-4
9.878013395891348E-4
8.090933656988246E-4
6.472292658738427E-4
3.893105655239896E-4
1.4445667851596732E-4
1.8799576886256229E-4
3.891568260345014E-4
0.0017113715013731944
0.0011978355408141315
7.902410716713077E-4
6.068200242741184E-4
4.3148617724922845E-4
1.946552827619948E-4
1.6790589125942703E-4
3.7599153772512457E-4
0.008715163864837271
0.0013076952152042637
0.0014374026489769574
5.926808037534808E-4
4.045466828494123E-4
2.1574308862461422E-4
1.596303212720444E-4
6.69103487584583E-4
5.63987306587687E-4
7.783136520690028E-4
0.0015692342582451163
0.0011978355408141315
3.9512053583565384E-4
2.0227334142470615E-4
3.6985318299071824E-4
3.192606425440888E-4
5.037176737782811E-4
7.519830754502491E-4
9.728920650862535E-4
0.0013076952152042637
9.58268432651305E-4
9.709626238102045E-4
3.877849745416736E-4
3.45319469762916E-4
5.46147160965565E-4
8.165656794268572E-4
0.0010597107744180325
0.001409575840930318
0.0010389766615265439
0.0010190590664830297
3.8014279037731864E-4
3.326076646048918E-4
5.253098209187415E-4
7.847977963166701E-4
0.0010167284747294426
0.0013580530329907585
9.979314243345847E-4
9.957123139289197E-4
1.6019703504946593E-4
3.9239889815833505E-4
4.788909638161331E-4
6.716235650377081E-4
9.399788443128118E-4
0.0011674704781035041
0.0010461561721634108
7.187013244884787E-4
0.0015468047117847552
7.973334517769762E-4
1.8983189021807862E-4
3.2039407009893186E-4
0.008784049614185649
6.385212850881776E-4
8.395294562971354E-4
0.001127974613175374
9.728920650862535E-4
0.0031048241967996915
0.0020738011198796046
8.135504196136867E-4
0.008250669052026195
2.2778934203180202E-4
3.7966378043615724E-4
4.805911051483978E-4
7.981516063602219E-4
0.0010074353475565622
9.399788443128118E-4
0.0038719230756385135
0.002392000355330928
0.0021501789253090793
8.187175327691307E-4
4.5557868406360404E-4
5.694956706542359E-4
6.407881401978637E-4
0.0013580530329907585
9.577819276322662E-4
0.004706541235759025
0.0039413168825581536
0.0030243864978928125
0.001360089070254197
2.615390430408527E-4
3.7336924638519086E-4
6.83368026095406E-4
7.593275608723145E-4
8.009851752473298E-4
0.006137311271856144
0.004784818865245104
0.003925825243492455
0.0029331131175611876
3.891568260345014E-4
6.096627462409062E-4
4.93008871976218E-4
7.467384927703817E-4
9.111573681272081E-4
0.004816171230552283
0.005745182920958651
0.0040677520980684344
6.385212850881776E-4
5.037176737782811E-4
0.0015953170302069367
6.875872849934687E-4
6.096627462409062E-4
9.86017743952436E-4
0.0011201077391555726
0.0030936094235695104
0.005125613969043891
0.0060202938589905925
0.03203634330674945
0.0023078792025388517
0.0013218295264712905
5.613650152477532E-4
0.0012193254924818123
0.003799233683605788
0.004682810792648667
0.0040677520980684344
0.0075102264062117145
9.491594510903932E-4
0.003079439125161488
0.002100507587468271
0.0010659991353144705
1.6790589125942703E-4
6.234047713553878E-4
0.0015468047117847552
0.004220988594053647
0.00522623716635962
0.007108784430108536
0.004187260441363541
0.0027313630487771873
0.0016006988443039707
4.238017758527395E-4
3.874196633038463E-4
0.0015869527755060647
0.002604549426528988
0.0024406512588410604
0.0055928589452931485
0.00246504435988109
0.005898191955756582
0.00246504435988109
0.0024046343536679718
7.593275608723145E-4
7.759727541625357E-4
2.257774910274524E-4
0.023751000291985624
0.04840862946995796
0.03558761562361069
0.0948660682882497
0.09446946715947065
0.061179538937943756
0.024803123215460448
0.012819936593721364
0.006407268661349889
