4.373852114373075E-4
6.601132351895643E-4
0.0035632795241299585
0.004297229538430431
0.005118054875571401
0.003657965911213847
0.0033174127563426587
4.295322375789039E-4
0.0014068027517562607
6.028658530849908E-4
6.729508024482583E-4
5.15701174228404E-5
1.547103522685212E-4
4.794440683110464E-5
0.0013459016048965166
2.3972203415552326E-4
2.512039703493539E-5
0.002018852407344775
2.7207539594476096E-4
4.6690645707461555E-5
5.024079406987078E-5
0.002691803209793033
6.621822122071264E-5
9.338129141492311E-5
7.536119110480619E-5
0.003364754012241292
1.3352673234515942E-4
1.3243644244142528E-4
1.4007193712238465E-4
1.0048158813974156E-4
0.00403770481468955
1.9865466366213793E-4
1.8676258282984622E-4
1.2560198517467695E-4
0.003364754012241292
1.299566647545196E-4
2.6487288488285057E-4
2.334532285373078E-4
1.5072238220961237E-4
0.002691803209793033
1.1083995232734853E-4
2.599133295090392E-4
3.3109110610356326E-4
2.801438742447693E-4
1.2560198517467695E-4
0.002018852407344775
2.2167990465469706E-4
3.8986999426355884E-4
3.9730932732427585E-4
2.334532285373078E-4
1.0048158813974156E-4
0.0013459016048965166
8.11978102953545E-5
1.5737748745493814E-4
9.588881366220928E-5
4.0987503311630617E-4
5.198266590180784E-4
0.003465478815944457
3.3109110610356326E-4
1.8676258282984622E-4
7.536119110480619E-5
3.67588746456836E-4
6.729508024482583E-4
7.912850052477835E-5
1.787172769374958E-4
4.433598093093941E-4
6.497833237725982E-4
2.6487288488285057E-4
3.135547756626151E-4
5.024079406987078E-5
1.7930670812477603E-4
1.582570010495567E-4
2.680759154062437E-4
5.541997616367427E-4
7.797399885271177E-4
1.9865466366213793E-4
9.338129141492311E-5
2.512039703493539E-5
5.6460551582603944E-5
3.5861341624955206E-4
2.3738550157433505E-4
3.574345538749916E-4
6.650397139640912E-4
0.0010922473693179028
1.3243644244142528E-4
1.3518345481652245E-4
1.83794373228418E-4
1.1292110316520789E-4
5.379201243743282E-4
3.165140020991134E-4
4.467931923437396E-4
6.236316473054602E-4
5.541997616367427E-4
5.198266590180784E-4
2.078772157684868E-4
6.621822122071264E-5
8.647358770906434E-5
1.62395620590709E-4
1.6938165474781182E-4
7.172268324991041E-4
9.458841640826979E-4
5.361518308124874E-4
4.433598093093941E-4
7.200149911388426E-4
1.016324055100976E-4
1.7294717541812868E-4
2.752474436368466E-4
0.005020572139361235
8.965335406238802E-4
4.747710031486701E-4
4.467931923437396E-4
3.325198569820456E-4
2.599133295090392E-4
1.0762494340440555E-4
2.032648110201952E-4
6.268487235207576E-4
2.823027579130197E-4
0.0010758402487486564
0.001008022436613166
3.574345538749916E-4
2.2167990465469706E-4
1.299566647545196E-4
1.1231535263610807E-4
2.1218579010867975E-4
6.576958524366181E-4
2.953905846012864E-4
0.0011274064673448417
0.0010599439867371803
3.758667221886297E-4
2.3344309001244225E-4
1.3685419871798253E-4
1.1004833229176123E-4
2.078772157684868E-4
6.418086830554449E-4
2.891380642337175E-4
0.001102766239370508
0.0010332061443572094
3.6699659151579546E-4
2.277685022865027E-4
1.3352673234515942E-4
1.039386078842434E-4
4.7788211181001465E-4
3.048972165302928E-4
3.4589435083625736E-4
5.694212557162567E-4
0.0011266599844992342
8.965335406238802E-4
3.165140020991134E-4
2.680759154062437E-4
1.1083995232734853E-4
2.4892381766035003E-4
1.769856182181218E-4
3.2287483021321665E-4
4.065296220403904E-4
0.0010786714221272023
8.011603940709565E-4
2.823027579130197E-4
7.172268324991041E-4
2.3738550157433505E-4
1.787172769374958E-4
1.2853534420221864E-4
2.3932624188794773E-4
2.8190004164147225E-4
8.401693754741544E-4
5.081620275504881E-4
5.18841526254386E-4
2.2584220633041578E-4
5.379201243743282E-4
1.582570010495567E-4
8.93586384687479E-5
1.2653675123139391E-4
2.5707068840443727E-4
3.589893628319216E-4
0.009550350449484126
5.381247170220278E-4
6.097944330605856E-4
4.3236793854532166E-4
1.6938165474781182E-4
3.5861341624955206E-4
7.912850052477835E-5
0.003881872901232262
1.0027595722162487E-4
5.07558637321853E-4
3.856060326066558E-4
4.7865248377589547E-4
9.189718661420899E-4
6.457496604264333E-4
5.081620275504881E-4
3.4589435083625736E-4
2.0405654695857073E-4
1.1292110316520789E-4
1.7930670812477603E-4
1.056552885688333E-4
2.0055191444324973E-4
3.7961025369418177E-4
5.141413768088745E-4
5.983156047198695E-4
4.871868617721271E-4
5.381247170220278E-4
4.065296220403904E-4
2.59420763127193E-4
9.588881366220928E-5
5.6460551582603944E-5
1.2462398158506809E-4
3.008278716648746E-4
5.061470049255757E-4
6.426767210110931E-4
7.179787256638432E-4
4.5874573939474436E-4
4.304997736176222E-4
3.048972165302928E-4
1.7294717541812868E-4
2.57850587114202E-5
1.034535911311302E-4
2.4924796317013617E-4
4.0110382888649946E-4
6.326837561569697E-4
7.712120652133116E-4
5.983156047198695E-4
3.2287483021321665E-4
2.032648110201952E-4
8.647358770906434E-5
1.04672417472496E-4
2.069071822622604E-4
3.738719447552043E-4
5.013797861081245E-4
7.592205073883635E-4
6.426767210110931E-4
4.7865248377589547E-4
3.4165275342975404E-4
2.152498868088111E-4
1.016324055100976E-4
2.09344834944992E-4
3.1036077339339065E-4
4.984959263402723E-4
6.016557433297492E-4
6.326837561569697E-4
5.141413768088745E-4
3.589893628319216E-4
2.6705346469031884E-4
2.1210671936758817E-4
2.754393107470977E-4
3.476214961716242E-4
8.706846309103212E-4
0.0010856686430043825
0.00226577664589832
9.123042194995361E-4
0.0012252294312526944
9.88407335744802E-4
6.991273000422219E-4
0.0010760806444707054
0.0010723011038709668
1.023258383314861E-4
2.1157101524796272E-4
4.18689669889984E-4
5.172679556556512E-4
7.477438895104086E-4
4.0110382888649946E-4
6.799816397164689E-4
2.5707068840443727E-4
1.1966312094397387E-4
3.089928087092748E-4
2.046516766629722E-4
3.173565228719441E-4
5.2336208736248E-4
6.207215467867813E-4
6.231199079253405E-4
3.008278716648746E-4
2.5307350246278783E-4
1.2853534420221864E-4
9.80419924631639E-5
6.179856174185496E-4
3.069775149944583E-4
4.2314203049592544E-4
6.28034504834976E-4
0.001120093369179684
4.984959263402723E-4
2.0055191444324973E-4
2.471018339362005E-4
3.1825340595061644E-4
1.960839849263278E-4
9.269784261278245E-4
4.093033533259444E-4
5.289275381199069E-4
8.686195741734836E-4
5.2336208736248E-4
4.138143645245208E-4
3.738719447552043E-4
2.8953985805782787E-4
1.0027595722162487E-4
1.1770463776916072E-4
2.0896355192636526E-4
2.941259773894917E-4
0.0012359712348370992
0.001271882707907044
6.347130457438882E-4
4.18689669889984E-4
7.665128831431587E-4
2.4924796317013617E-4
1.4097228107740693E-4
2.3540927553832144E-4
3.240453032642789E-4
0.015051068532694325
0.0015449640435463742
6.139550299889166E-4
5.289275381199069E-4
3.14017252417488E-4
2.069071822622604E-4
1.2462398158506809E-4
1.480455495263744E-4
2.8194456215481387E-4
8.570046221673785E-4
4.902099623158195E-4
0.001853956852255649
0.0013514470397572578
4.2314203049592544E-4
2.09344834944992E-4
1.034535911311302E-4
1.4476992902891393E-4
6.672026847146376E-4
4.2291684323222077E-4
4.708185510766429E-4
5.34521976186429E-4
0.0017015867117646498
0.0015449640435463742
4.093033533259444E-4
3.173565228719441E-4
1.04672417472496E-4
3.369896387309447E-4
2.4113016540961308E-4
4.441366485791232E-4
5.638891243096277E-4
0.001457576929274864
6.339317314129997E-4
4.902099623158195E-4
0.0012359712348370992
3.069775149944583E-4
2.1157101524796272E-4
1.80261724107688E-4
3.263577812902652E-4
3.3093423147665974E-4
0.001270797410597963
7.048614053870345E-4
7.062278266149644E-4
6.362128371476628E-4
3.921679698526556E-4
9.269784261278245E-4
2.046516766629722E-4
1.0578550762398136E-4
1.6890624546184041E-4
3.60523448215376E-4
4.895366719353979E-4
0.013353293641329629
7.40227747631872E-4
8.458336864644415E-4
5.885231888458037E-4
2.941259773894917E-4
6.179856174185496E-4
1.023258383314861E-4
1.649266529803554E-4
3.3781249092368083E-4
5.407851723230641E-4
6.527155625805304E-4
0.0015912670297530823
8.882732971582464E-4
7.048614053870345E-4
4.708185510766429E-4
3.0725220139239917E-4
1.960839849263278E-4
0.001040585990952044
2.0788962021913462E-4
3.298533059607108E-4
5.067187363855212E-4
7.21046896430752E-4
8.158944532256632E-4
6.268906557790957E-4
7.40227747631872E-4
5.638891243096277E-4
3.531139133074822E-4
0.002106401934299511
9.80419924631639E-5
4.947799589410662E-4
6.756249818473617E-4
9.013086205384403E-4
9.790733438707958E-4
5.400755054404649E-4
5.921821981054976E-4
0.0031912770415440505
2.3540927553832144E-4
1.3131611250060177E-4
2.0188819573722263E-4
6.597066119214215E-4
8.445312273092021E-4
0.0010815703446461283
8.158944532256632E-4
4.441366485791232E-4
2.8194456215481387E-4
1.1770463776916072E-4
2.2120335234070173E-4
4.0377639147444526E-4
8.24633264901777E-4
0.0010134374727710424
0.0017287118287768574
6.527155625805304E-4
3.207131857118573E-4
2.960910990527488E-4
1.4097228107740693E-4
4.4240670468140346E-4
6.056645872116681E-4
0.0019497480283667459
8.445312273092021E-4
7.21046896430752E-4
4.895366719353979E-4
2.113105771376666E-4
1.480455495263744E-4
1.6023145617268447E-4
6.636100570221054E-4
8.075527829488905E-4
7.158870626315067E-4
8.24633264901777E-4
6.756249818473617E-4
5.407851723230641E-4
3.263577812902652E-4
1.2724256742953257E-4
1.5488120835571687E-4
3.2046291234536894E-4
0.0014298431129498997
0.0010094409786861134
6.597066119214215E-4
5.067187363855212E-4
3.60523448215376E-4
1.631788906451326E-4
1.3857305974048428E-4
3.0976241671143374E-4
0.009266534680581584
0.0011060167617035089
0.0012113291744233362
4.947799589410662E-4
3.3781249092368083E-4
1.80261724107688E-4
1.3183587579147495E-4
5.510631109096127E-4
4.646436250671506E-4
6.409258246907379E-4
0.0013272201140442108
0.0010094409786861134
3.298533059607108E-4
1.6890624546184041E-4
3.077148624005392E-4
2.636717515829499E-4
4.157191792214527E-4
6.195248334228675E-4
8.011572808634224E-4
0.0011060167617035089
8.075527829488905E-4
8.382592899993173E-4
3.318486737425382E-4
2.825075402439103E-4
4.452072199178891E-4
6.635987857865813E-4
8.574937426717522E-4
0.0011758689551512294
8.582001929442285E-4
8.914030053063194E-4
3.193644319591676E-4
2.725148517935464E-4
4.295322375789039E-4
6.401254069897423E-4
8.274032082384172E-4
0.0011393913747938078
8.315584808765385E-4
8.645622609349646E-4
1.3245817459101857E-4
3.2006270349487116E-4
3.955076273744248E-4
5.542922389619371E-4
7.744060417785844E-4
9.613887370361068E-4
8.848134093628069E-4
6.056645872116681E-4
0.0013466652740379238
6.937915356422502E-4
1.5850428373266937E-4
2.6491634918203715E-4
0.009229660110440322
5.273435031658998E-4
6.928652987024214E-4
9.292872501343012E-4
8.011572808634224E-4
0.0026836079680789917
0.001791359462758946
7.088815083261178E-4
0.009838860944573948
1.9123138753768907E-4
3.1700856746533874E-4
3.973745237730557E-4
6.591793789573748E-4
8.314383584429054E-4
7.744060417785844E-4
0.0033342563727665852
0.00208137460692675
0.001860169721333639
6.919761650794404E-4
3.8246277507537814E-4
4.755128511980081E-4
5.298326983640743E-4
0.0011393913747938078
7.910152547488496E-4
0.004059528483797233
0.0033946909759918686
0.0026073388934964065
0.0011611252479272174
2.2120335234070173E-4
3.1948896741201404E-4
5.736941626130674E-4
6.340171349306775E-4
6.622908729550928E-4
0.00528733354342858
0.004128137057168626
0.003389818272266409
0.002503525975149555
3.2046291234536894E-4
5.262199095519713E-4
4.234520435573927E-4
6.389779348240281E-4
7.649255501507563E-4
0.004159184603758158
0.004957498261399612
0.00354440754163059
5.273435031658998E-4
4.157191792214527E-4
0.0013622022358153762
5.836834997300771E-4
5.262199095519713E-4
8.469040871147854E-4
9.584669022360421E-4
0.0026933305480758476
0.004425114615899697
0.0052043147523527225
0.03560049327821614
0.0019741673560303387
0.0011240502065957539
4.7437017576773094E-4
0.0010524398191039425
0.0032903540417290643
0.0040531220122170565
0.00354440754163059
0.006524172117928178
7.925214186633469E-4
0.002634712336571959
0.001779317540041527
9.02649686406978E-4
1.3857305974048428E-4
5.433700241306948E-4
0.0013466652740379238
0.003660034335582664
0.004529334207534043
0.006166318677349286
0.0035872564854483023
0.002327825309160248
0.0013558414260090978
3.476214961716242E-4
3.23067263329164E-4
0.0013822141453450798
0.002262353494159115
0.0021266445249783538
0.0048845134694552785
0.0021172602177869635
0.005074253261783912
0.0021172602177869635
0.0020428814197988123
6.340171349306775E-4
6.473791242574152E-4
1.8555579283094443E-4
0.027437785485759536
0.05594012263145752
0.040865810617563385
0.1088788834996297
0.10801933154626084
0.06970712919966571
0.02788080041668891
0.014530967608589159
0.007120098655643228
