6.215555841520484E-9
9.39225303370411E-9
5.0600638759011945E-8
6.084193930454024E-8
7.270014417624567E-8
5.177695901571459E-8
4.715623167723665E-8
6.219728105957528E-9
2.006168504650041E-8
8.618376878212035E-9
9.538555031535228E-9
7.344809960107262E-10
2.203442988032179E-9
6.819685418487432E-10
1.9077110063070455E-8
3.4098427092437164E-9
3.567549877808444E-10
2.8615665094605684E-8
3.866392741144572E-9
6.624968655026047E-10
7.135099755616888E-10
3.815422012614091E-8
9.389997172253818E-10
1.3249937310052094E-9
1.0702649633425332E-9
4.7692775157676136E-8
1.8961791997401297E-9
1.8779994344507636E-9
1.987490596507814E-9
1.4270199511233775E-9
5.723133018921137E-8
2.8169991516761453E-9
2.6499874620104188E-9
1.7837749389042223E-9
4.7692775157676136E-8
1.8420391838802654E-9
3.755998868901527E-9
3.3124843275130238E-9
2.1405299266850664E-9
3.815422012614091E-8
1.5710667042547315E-9
3.684078367760531E-9
4.6949985861269085E-9
3.974981193015628E-9
1.7837749389042223E-9
2.8615665094605684E-8
3.142133408509463E-9
5.526117551640797E-9
5.6339983033522905E-9
3.3124843275130238E-9
1.4270199511233775E-9
1.9077110063070455E-8
1.1560421766786368E-9
2.234023841521107E-9
1.3639370836974863E-9
5.814921606780283E-9
7.368156735521062E-9
4.909453013989012E-8
4.6949985861269085E-9
2.6499874620104188E-9
1.0702649633425332E-9
5.24366322266283E-9
9.538555031535228E-9
1.1230346730689405E-9
2.5348513124699283E-9
6.284266817018926E-9
9.210195919401328E-9
3.755998868901527E-9
4.467927587393845E-9
7.135099755616888E-10
2.5469726501958697E-9
2.246069346137881E-9
3.802276968704893E-9
7.855333521273658E-9
1.1052235103281593E-8
2.8169991516761453E-9
1.3249937310052094E-9
3.567549877808444E-10
8.032050506239621E-10
5.0939453003917394E-9
3.369104019206821E-9
5.0697026249398565E-9
9.426400225528388E-9
1.555779848162404E-8
1.8779994344507636E-9
1.9320173779471466E-9
2.621831611331415E-9
1.6064101012479242E-9
7.640917950587607E-9
4.492138692275762E-9
6.3371282811748204E-9
8.97702156470454E-9
7.855333521273658E-9
7.368156735521062E-9
2.9923405215681796E-9
9.389997172253818E-10
1.2332729569985216E-9
2.3120843533572737E-9
2.4096151518718865E-9
1.0187890600783479E-8
1.3541103286513795E-8
7.604553937409785E-9
6.284266817018926E-9
1.0281675504342251E-8
1.4534513649861559E-9
2.466545913997043E-9
3.914031016713602E-9
0.012168915411816797
1.2734863250979345E-8
6.738208038413642E-9
6.3371282811748204E-9
4.713200112764194E-9
3.684078367760531E-9
1.5399254970715208E-9
2.9069027299723117E-9
9.07529490637974E-9
4.016025253119811E-9
1.5281835901175215E-8
1.4574300090984997E-8
5.0697026249398565E-9
3.142133408509463E-9
1.8420391838802654E-9
1.6317767381538674E-9
3.080289445083776E-9
9.61660492554917E-9
4.255567298769809E-9
1.619334466975463E-8
1.5443606790438493E-8
5.372092889212187E-9
3.3295508217328605E-9
1.951910463681445E-9
1.5851859842338182E-9
2.9923405215681796E-9
9.342030062973609E-9
4.134061651476719E-9
1.573098966798849E-8
1.500265842612649E-8
5.218708022284803E-9
3.2344849469887715E-9
1.8961791997401297E-9
1.4961702607840898E-9
6.8818091201431974E-9
4.3603540949584676E-9
4.933091827994086E-9
8.086212367471928E-9
1.6225104681744243E-8
1.2734863250979345E-8
4.492138692275762E-9
3.802276968704893E-9
1.5710667042547315E-9
3.6125945736370368E-9
2.539041024889084E-9
4.619776491214562E-9
5.813805459944623E-9
1.5526013365979594E-8
1.1377075198440778E-8
4.016025253119811E-9
1.0187890600783479E-8
3.369104019206821E-9
2.5348513124699283E-9
1.846702000666413E-9
3.4813297148792793E-9
4.02906966690914E-9
1.2105059542120056E-8
7.26725682493078E-9
7.399637741991128E-9
3.2128202024958485E-9
7.640917950587607E-9
2.246069346137881E-9
1.2674256562349641E-9
1.8184820755222078E-9
3.693404001332826E-9
5.22199457231892E-9
0.006425107684088756
7.699627485357604E-9
8.720708189916935E-9
6.166364784992608E-9
2.4096151518718865E-9
5.0939453003917394E-9
1.1230346730689405E-9
0.0074904538429303065
1.443901185320671E-9
7.339136050166164E-9
5.54010600199924E-9
6.9626594297585586E-9
1.3109158056657077E-8
9.239552982429124E-9
7.26725682493078E-9
4.933091827994086E-9
2.899794555858429E-9
1.6064101012479242E-9
2.5469726501958697E-9
1.5391112737530166E-9
2.887802370641342E-9
5.4554462265666224E-9
7.386808002665652E-9
8.7033242871982E-9
6.936253060071821E-9
7.699627485357604E-9
5.813805459944623E-9
3.699818870995564E-9
1.3639370836974863E-9
8.032050506239621E-10
1.7982334434892258E-9
4.331703555962014E-9
7.273928302088831E-9
9.233510003332065E-9
1.044398914463784E-8
6.523385027856004E-9
6.159701988286083E-9
4.3603540949584676E-9
2.466545913997043E-9
3.672404980053631E-10
1.4951663191925487E-9
3.5964668869784516E-9
5.775604741282684E-9
9.09241037761104E-9
1.108021200399848E-8
8.7033242871982E-9
4.619776491214562E-9
2.9069027299723117E-9
1.2332729569985216E-9
1.5143087892417526E-9
2.9903326383850975E-9
5.394700330467678E-9
7.219505926603356E-9
1.0910892453133245E-8
9.233510003332065E-9
6.9626594297585586E-9
4.851727420483157E-9
3.0798509941430416E-9
1.4534513649861559E-9
3.028617578483505E-9
4.485498957577646E-9
7.192933773956903E-9
8.663407111924027E-9
9.09241037761104E-9
7.386808002665652E-9
5.22199457231892E-9
3.7923583994802595E-9
3.0685412924489455E-9
4.014848853630538E-9
5.077993541532092E-9
1.2662719024533231E-8
1.576648445248424E-8
3.274680923464086E-8
1.3341773189041182E-8
1.779150643409499E-8
1.4343925245614198E-8
1.0130180724860276E-8
1.5652747986427E-8
1.527522414908165E-8
1.4849705094167333E-9
3.0659242866579107E-9
6.05723515696701E-9
7.475831595962743E-9
1.0789400660935355E-8
5.775604741282684E-9
9.866153388406474E-9
3.693404001332826E-9
1.7406648574396396E-9
4.483691670095646E-9
2.9699410188334667E-9
4.598886429986866E-9
7.571543946208764E-9
8.970997915155291E-9
8.991167217446129E-9
4.331703555962014E-9
3.6369641510444155E-9
1.846702000666413E-9
1.4282573120099978E-9
8.967383340191291E-9
4.454911528250201E-9
6.1318485733158214E-9
9.085852735450513E-9
1.631332777536945E-8
7.192933773956903E-9
2.887802370641342E-9
3.5859813114035496E-9
4.615473415160575E-9
2.8565146240199956E-9
1.3451075010286937E-8
5.939882037666933E-9
7.664810716644777E-9
1.2686400608989962E-8
7.571543946208764E-9
5.980665276770195E-9
5.394700330467678E-9
4.228800202996654E-9
1.443901185320671E-9
1.7170333112071186E-9
3.05723159075485E-9
4.284771936029994E-9
1.7934766680382583E-8
1.8542996871284653E-8
9.197772859973732E-9
6.05723515696701E-9
1.1156385552098237E-8
3.5964668869784516E-9
2.0540294070803588E-9
3.434066622414237E-9
4.734053904401127E-9
0.020232568640124612
2.241845835047823E-8
8.909823056500401E-9
7.664810716644777E-9
4.5429263677252565E-9
2.9903326383850975E-9
1.7982334434892258E-9
2.160139453066563E-9
4.1080588141607175E-9
1.2490464315406886E-8
7.141286560049992E-9
2.6902150020573874E-8
1.965712651672622E-8
6.1318485733158214E-9
3.028617578483505E-9
1.4951663191925487E-9
2.114400101498327E-9
9.733474010671775E-9
6.1620882212410775E-9
6.868133244828474E-9
7.794081834066229E-9
2.4809129185675937E-8
2.241845835047823E-8
5.939882037666933E-9
4.598886429986866E-9
1.5143087892417526E-9
4.915599990876068E-9
3.5349984717626833E-9
6.48041835919969E-9
8.216117628321435E-9
2.1280150409865824E-8
9.234667642518099E-9
7.141286560049992E-9
1.7934766680382583E-8
4.454911528250201E-9
3.0659242866579107E-9
2.629318340248534E-9
4.753206440220044E-9
4.8731941331805345E-9
1.8568104653472583E-8
1.0270147035401796E-8
1.0302199867242709E-8
9.255429747804371E-9
5.713029248039991E-9
1.3451075010286937E-8
2.9699410188334667E-9
1.5329621433289554E-9
2.4665029234249E-9
5.258636680497068E-9
7.129809660330066E-9
0.021736285847158466
1.0800697265332819E-8
1.2324176442482155E-8
8.585166556035593E-9
4.284771936029994E-9
8.967383340191291E-9
1.4849705094167333E-9
2.411023478663703E-9
4.9330058468498E-9
7.8879550207456E-9
9.506412880440089E-9
2.307736707580288E-8
1.296083671839938E-8
1.0270147035401796E-8
6.868133244828474E-9
4.459018165375479E-9
2.8565146240199956E-9
1.4839083473238561E-8
3.015954176828491E-9
4.822046957327406E-9
7.399508770274697E-9
1.0517273360994136E-8
1.1883016100550111E-8
9.17169477226455E-9
1.0800697265332819E-8
8.216117628321435E-9
5.1510999336213546E-9
3.005713181669925E-8
1.4282573120099978E-9
7.233070435991109E-9
9.8660116936996E-9
1.314659170124267E-8
1.4259619320660132E-8
7.890089840668549E-9
8.640557812266252E-9
4.55669506248866E-8
3.434066622414237E-9
1.900979063000078E-9
2.9298421643201286E-9
9.644093914654812E-9
1.2332514617124496E-8
1.57759100414912E-8
1.1883016100550111E-8
6.48041835919969E-9
4.1080588141607175E-9
1.7170333112071186E-9
3.200776223624607E-9
5.859684328640257E-9
1.2055117393318515E-8
1.4799017540549394E-8
2.516069688470042E-8
9.506412880440089E-9
4.676449100439736E-9
4.320278906133126E-9
2.0540294070803588E-9
6.401552447249214E-9
8.789526492960385E-9
2.8381088592967945E-8
1.2332514617124496E-8
1.0517273360994136E-8
7.129809660330066E-9
3.0782225475060332E-9
2.160139453066563E-9
2.3342153009822224E-9
9.602328670873822E-9
1.1719368657280514E-8
1.0366213509929217E-8
1.2055117393318515E-8
9.8660116936996E-9
7.8879550207456E-9
4.753206440220044E-9
1.851085949560874E-9
2.2529409797004714E-9
4.668430601964445E-9
2.0683712459822982E-8
1.4649210821600643E-8
9.644093914654812E-9
7.399508770274697E-9
5.258636680497068E-9
2.376603220110022E-9
2.0140471403098968E-9
4.505881959400943E-9
0.014921024300025102
1.6003881118123033E-8
1.757905298592077E-8
7.233070435991109E-9
4.9330058468498E-9
2.629318340248534E-9
1.913899795190843E-9
7.980111642054205E-9
6.758822939101415E-9
9.33686120392889E-9
1.9204657341747644E-8
1.4649210821600643E-8
4.822046957327406E-9
2.4665029234249E-9
4.401527781873507E-9
3.827799590381686E-9
6.042141420929692E-9
9.011763918801886E-9
1.1671076504911114E-8
1.6003881118123033E-8
1.1719368657280514E-8
1.1970170050112671E-8
4.664063722860485E-9
4.056114624881519E-9
6.402534303158636E-9
9.549284533829812E-9
1.2367215937488686E-8
1.6958457391864456E-8
1.241838855007392E-8
1.2684149380385762E-8
4.530894619454177E-9
3.940303782662278E-9
6.219728105957528E-9
9.276631813990484E-9
1.2014105183457752E-8
1.647425676764065E-8
1.2063816707313963E-8
1.2321989491321962E-8
1.9195893605770412E-9
4.638315906995242E-9
5.74169938557253E-9
8.056188561239587E-9
1.1264704898502359E-8
1.4005291805893337E-8
1.2803104894498428E-8
8.789526492960385E-9
1.9118293142897936E-8
9.851143618734052E-9
2.261807506898424E-9
3.8391787211540825E-9
0.015370197580114675
7.655599180763373E-9
1.0070235701549487E-8
1.351764587820283E-8
1.1671076504911114E-8
3.827976838522072E-8
2.556197156610836E-8
1.0059722977889424E-8
0.014642410907165875
2.750415248310244E-9
4.523615013796848E-9
5.758768081731124E-9
9.569498975954218E-9
1.2084282841859384E-8
1.1264704898502359E-8
4.7573447489724756E-8
2.9553430856202156E-8
2.652099840302806E-8
9.945126634669803E-9
5.500830496620488E-9
6.785422520695273E-9
7.678357442308165E-9
1.647425676764065E-8
1.148339877114506E-8
5.786596855879432E-8
4.8416338393738094E-8
3.718181483661494E-8
1.6577597087012652E-8
3.200776223624607E-9
4.562041951354688E-9
8.25124574493073E-9
9.047230027593697E-9
9.597946802885207E-9
7.545060448966474E-8
5.8825217069624486E-8
4.829508047279728E-8
3.580433232235258E-8
4.668430601964445E-9
7.491499301941452E-9
6.03808828366313E-9
9.124083902709375E-9
1.1001660993240976E-8
5.9104770391736954E-8
7.062439787586654E-8
5.0298614889447125E-8
7.655599180763373E-9
6.042141420929692E-9
1.9488880563283846E-8
8.372303584645352E-9
7.491499301941452E-9
1.207617656732626E-8
1.3686125854064063E-8
3.823658628579587E-8
6.300779433522149E-8
7.392918290872709E-8
0.0583508608101023
2.821619729139689E-8
1.6104270847946052E-8
6.81498293105516E-9
1.4982998603882904E-8
4.679170456533629E-8
5.765274228035495E-8
5.0298614889447125E-8
9.260455278804494E-8
1.1309037534492122E-8
3.7644354650073974E-8
2.5559924981894136E-8
1.2951883493091063E-8
2.0140471403098968E-9
7.711684569752584E-9
1.9118293142897936E-8
5.2027928762026505E-8
6.439124504621021E-8
8.766988814226696E-8
5.1209572751258484E-8
3.319958316224622E-8
1.9444893935795186E-8
5.077993541532092E-9
4.664315043501087E-9
1.9618869549338394E-8
3.2133398920509073E-8
3.0179168933668274E-8
6.932640833184732E-8
3.019044141831565E-8
7.232124751977684E-8
3.019044141831565E-8
2.924982879865973E-8
9.047230027593697E-9
9.34000921777457E-9
2.7065975522693243E-9
0.05081222289668741
0.10368010478867729
0.07428665874208112
0.19774129766884338
0.19395715843691488
0.1238111207136784
0.04744441387777893
0.02525287503302453
0.011670172162020447
